SPCR @ 0x0000000000000000
    0000: 53 50 43 52 50 00 00 00 02 EE 52 4B 43 50 20 20  SPCRP.....RKCP  
    0010: 52 4B 33 35 38 38 20 20 00 00 00 00 45 44 4B 32  RK3588  ....EDK2
    0020: 00 00 00 00 12 00 00 00 00 20 00 03 00 00 B5 FE  ......... ......
    0030: 00 00 00 00 08 00 6D 01 00 00 00 00 01 00 02 00  ......m.........
    0040: FF FF FF FF 00 00 00 00 00 00 00 00 00 00 00 00  ................

MCFG @ 0x0000000000000000
    0000: 4D 43 46 47 7C 00 00 00 01 79 52 4B 43 50 20 20  MCFG|....yRKCP  
    0010: 52 4B 33 35 38 38 20 20 00 00 00 00 45 44 4B 32  RK3588  ....EDK2
    0020: 00 00 00 00 00 00 00 00 00 00 00 00 00 80 00 00  ................
    0030: 09 00 00 00 00 00 01 01 00 00 00 00 00 00 00 40  ...............@
    0040: 09 00 00 00 01 00 01 01 00 00 00 00 00 80 00 80  ................
    0050: 09 00 00 00 02 00 01 01 00 00 00 00 00 80 00 C0  ................
    0060: 09 00 00 00 03 00 01 01 00 00 00 00 00 80 00 00  ................
    0070: 0A 00 00 00 04 00 01 01 00 00 00 00              ............

GTDT @ 0x0000000000000000
    0000: 47 54 44 54 60 00 00 00 02 D8 52 4B 43 50 20 20  GTDT`.....RKCP  
    0010: 52 4B 33 35 38 38 20 20 00 00 00 00 45 44 4B 32  RK3588  ....EDK2
    0020: 00 00 00 00 FF FF FF FF FF FF FF FF 00 00 00 00  ................
    0030: 1D 00 00 00 02 00 00 00 1E 00 00 00 02 00 00 00  ................
    0040: 1B 00 00 00 02 00 00 00 1A 00 00 00 02 00 00 00  ................
    0050: FF FF FF FF FF FF FF FF 00 00 00 00 00 00 00 00  ................

APIC @ 0x0000000000000000
    0000: 41 50 49 43 D4 02 00 00 04 29 52 4B 43 50 20 20  APIC.....)RKCP  
    0010: 52 4B 33 35 38 38 20 20 00 00 00 00 45 44 4B 32  RK3588  ....EDK2
    0020: 00 00 00 00 00 00 00 00 00 00 00 00 0B 50 00 00  .............P..
    0030: 00 00 00 00 00 00 00 00 01 00 00 00 00 00 00 00  ................
    0040: 17 00 00 00 00 00 00 00 00 00 00 00 00 00 00 00  ................
    0050: 00 00 00 00 00 00 00 00 00 00 00 00 00 00 00 00  ................
    0060: 00 00 00 00 19 00 00 00 00 00 00 00 00 00 00 00  ................
    0070: 00 00 00 00 00 00 00 00 00 00 00 00 0B 50 00 00  .............P..
    0080: 00 00 00 00 01 00 00 00 01 00 00 00 00 00 00 00  ................
    0090: 17 00 00 00 00 00 00 00 00 00 00 00 00 00 00 00  ................
    00A0: 00 00 00 00 00 00 00 00 00 00 00 00 00 00 00 00  ................
    00B0: 00 00 00 00 19 00 00 00 00 00 00 00 00 00 00 00  ................
    00C0: 00 01 00 00 00 00 00 00 00 00 00 00 0B 50 00 00  .............P..
    00D0: 00 00 00 00 02 00 00 00 01 00 00 00 00 00 00 00  ................
    00E0: 17 00 00 00 00 00 00 00 00 00 00 00 00 00 00 00  ................
    00F0: 00 00 00 00 00 00 00 00 00 00 00 00 00 00 00 00  ................
    0100: 00 00 00 00 19 00 00 00 00 00 00 00 00 00 00 00  ................
    0110: 00 02 00 00 00 00 00 00 00 00 00 00 0B 50 00 00  .............P..
    0120: 00 00 00 00 03 00 00 00 01 00 00 00 00 00 00 00  ................
    0130: 17 00 00 00 00 00 00 00 00 00 00 00 00 00 00 00  ................
    0140: 00 00 00 00 00 00 00 00 00 00 00 00 00 00 00 00  ................
    0150: 00 00 00 00 19 00 00 00 00 00 00 00 00 00 00 00  ................
    0160: 00 03 00 00 00 00 00 00 00 00 00 00 0B 50 00 00  .............P..
    0170: 00 00 00 00 04 00 00 00 01 00 00 00 00 00 00 00  ................
    0180: 17 00 00 00 00 00 00 00 00 00 00 00 00 00 00 00  ................
    0190: 00 00 00 00 00 00 00 00 00 00 00 00 00 00 00 00  ................
    01A0: 00 00 00 00 19 00 00 00 00 00 00 00 00 00 00 00  ................
    01B0: 00 04 00 00 00 00 00 00 01 00 00 00 0B 50 00 00  .............P..
    01C0: 00 00 00 00 05 00 00 00 01 00 00 00 00 00 00 00  ................
    01D0: 17 00 00 00 00 00 00 00 00 00 00 00 00 00 00 00  ................
    01E0: 00 00 00 00 00 00 00 00 00 00 00 00 00 00 00 00  ................
    01F0: 00 00 00 00 19 00 00 00 00 00 00 00 00 00 00 00  ................
    0200: 00 05 00 00 00 00 00 00 01 00 00 00 0B 50 00 00  .............P..
    0210: 00 00 00 00 06 00 00 00 01 00 00 00 00 00 00 00  ................
    0220: 17 00 00 00 00 00 00 00 00 00 00 00 00 00 00 00  ................
    0230: 00 00 00 00 00 00 00 00 00 00 00 00 00 00 00 00  ................
    0240: 00 00 00 00 19 00 00 00 00 00 00 00 00 00 00 00  ................
    0250: 00 06 00 00 00 00 00 00 01 00 00 00 0B 50 00 00  .............P..
    0260: 00 00 00 00 07 00 00 00 01 00 00 00 00 00 00 00  ................
    0270: 17 00 00 00 00 00 00 00 00 00 00 00 00 00 00 00  ................
    0280: 00 00 00 00 00 00 00 00 00 00 00 00 00 00 00 00  ................
    0290: 00 00 00 00 19 00 00 00 00 00 00 00 00 00 00 00  ................
    02A0: 00 07 00 00 00 00 00 00 01 00 00 00 0C 18 00 00  ................
    02B0: 00 00 00 00 00 00 60 FE 00 00 00 00 00 00 00 00  ......`.........
    02C0: 03 00 00 00 0E 10 00 00 00 00 68 FE 00 00 00 00  ..........h.....
    02D0: 00 00 10 00                                      ....

DSDT @ 0x0000000000000000
    0000: 44 53 44 54 C8 36 00 00 02 DE 52 4B 43 50 20 20  DSDT.6....RKCP  
    0010: 52 4B 33 35 38 38 20 20 02 00 00 00 49 4E 54 4C  RK3588  ....INTL
    0020: 28 06 23 20 10 83 6A 03 5F 53 42 5F 10 4C 37 5C  (.# ..j._SB_.L7\
    0030: 5F 53 42 5F 5B 82 43 37 53 43 4D 49 08 5F 48 49  _SB_[.C7SCMI._HI
    0040: 44 0D 50 4E 50 30 43 30 32 00 08 5F 55 49 44 00  D.PNP0C02.._UID.
    0050: 14 22 5F 43 52 53 08 08 52 42 55 46 11 11 0A 0E  ."_CRS..RBUF....
    0060: 86 09 00 01 00 F0 10 00 00 01 00 00 79 00 A4 52  ............y..R
    0070: 42 55 46 14 40 07 43 4C 52 47 09 08 50 42 55 46  BUF.@.CLRG..PBUF
    0080: 11 03 0A 04 8A 50 42 55 46 00 50 43 49 44 70 68  .....PBUF.PCIDph
    0090: 50 43 49 44 70 53 4D 54 5F 0A 14 0A 06 50 42 55  PCIDpSMT_....PBU
    00A0: 46 60 8A 60 00 52 53 54 41 8A 60 0A 04 52 52 54  F`.`.RSTA.`..RRT
    00B0: 4C 8A 60 0A 08 52 52 54 48 70 12 04 02 00 00 61  L.`..RRTHp.....a
    00C0: 70 52 53 54 41 88 61 00 00 A0 18 93 52 53 54 41  pRSTA.a.....RSTA
    00D0: 00 7D 79 52 52 54 48 0A 20 00 52 52 54 4C 88 61  .}yRRTH. .RRTL.a
    00E0: 01 00 A4 61 14 4B 07 43 4C 52 53 0A 08 50 42 55  ...a.K.CLRS..PBU
    00F0: 46 11 03 0A 10 8A 50 42 55 46 00 50 46 4C 47 8A  F.....PBUF.PFLG.
    0100: 50 42 55 46 0A 04 50 43 49 44 8A 50 42 55 46 0A  PBUF..PCID.PBUF.
    0110: 08 50 52 54 4C 8A 50 42 55 46 0A 0C 50 52 54 48  .PRTL.PBUF..PRTH
    0120: 70 00 50 46 4C 47 70 68 50 43 49 44 70 69 50 52  p.PFLGphPCIDpiPR
    0130: 54 4C 7A 69 0A 20 50 52 54 48 70 53 4D 54 5F 0A  TLzi. PRTHpSMT_.
    0140: 14 0A 05 50 42 55 46 60 8A 60 00 52 53 54 41 70  ...PBUF`.`.RSTAp
    0150: 12 03 01 00 61 70 52 53 54 41 88 61 00 00 A4 61  ....apRSTA.a...a
    0160: 14 47 05 43 4C 43 53 0A 08 50 42 55 46 11 03 0A  .G.CLCS..PBUF...
    0170: 08 8A 50 42 55 46 00 50 43 49 44 8A 50 42 55 46  ..PBUF.PCID.PBUF
    0180: 0A 04 50 41 54 52 70 68 50 43 49 44 70 69 50 41  ..PATRphPCIDpiPA
    0190: 54 52 70 53 4D 54 5F 0A 14 0A 07 50 42 55 46 60  TRpSMT_....PBUF`
    01A0: 8A 60 00 52 53 54 41 70 12 03 01 00 61 70 52 53  .`.RSTAp....apRS
    01B0: 54 41 88 61 00 00 A4 61 14 40 06 56 44 4C 47 09  TA.a...a.@.VDLG.
    01C0: 08 50 42 55 46 11 03 0A 04 8A 50 42 55 46 00 50  .PBUF.....PBUF.P
    01D0: 44 49 44 70 68 50 44 49 44 70 53 4D 54 5F 0A 17  DIDphPDIDpSMT_..
    01E0: 0A 08 50 42 55 46 60 8A 60 00 52 53 54 41 8A 60  ..PBUF`.`.RSTA.`
    01F0: 0A 04 52 56 4F 4C 70 12 04 02 00 00 61 70 52 53  ..RVOLp.....apRS
    0200: 54 41 88 61 00 00 A0 10 93 52 53 54 41 00 70 52  TA.a.....RSTA.pR
    0210: 56 4F 4C 88 61 01 00 A4 61 14 48 06 56 44 4C 53  VOL.a...a.H.VDLS
    0220: 0A 08 50 42 55 46 11 03 0A 0C 8A 50 42 55 46 00  ..PBUF.....PBUF.
    0230: 50 44 49 44 8A 50 42 55 46 0A 04 50 46 4C 47 8A  PDID.PBUF..PFLG.
    0240: 50 42 55 46 0A 08 50 56 4F 4C 70 68 50 44 49 44  PBUF..PVOLphPDID
    0250: 70 00 50 46 4C 47 70 69 50 56 4F 4C 70 53 4D 54  p.PFLGpiPVOLpSMT
    0260: 5F 0A 17 0A 07 50 42 55 46 60 8A 60 00 52 53 54  _....PBUF`.`.RST
    0270: 41 70 12 03 01 00 61 70 52 53 54 41 88 61 00 00  Ap....apRSTA.a..
    0280: A4 61 5B 80 53 48 4D 5F 00 0C 00 F0 10 00 0B 00  .a[.SHM_........
    0290: 01 5B 81 25 53 48 4D 5F 01 00 20 53 43 48 53 20  .[.%SHM_.. SCHS 
    02A0: 00 40 04 53 43 48 46 20 53 4C 45 4E 20 53 4D 53  .@.SCHF SLEN SMS
    02B0: 48 20 53 50 4C 44 40 2E 5B 80 44 42 45 4C 00 0C  H SPLD@.[.DBEL..
    02C0: 30 00 C6 FE 0A 08 5B 81 10 44 42 45 4C 03 44 43  0.....[..DBEL.DC
    02D0: 4D 44 20 44 44 41 54 20 14 25 46 52 45 45 08 70  MD DDAT .%FREE.p
    02E0: 0B 20 4E 60 A2 17 94 60 00 A0 0D 92 93 7B 53 43  . N`...`.....{SC
    02F0: 48 53 01 00 00 A4 01 5B 22 01 76 60 A4 00 14 4A  HS.....[".v`...J
    0300: 0A 53 4D 54 5F 0B 70 11 04 0A 04 01 60 A0 09 93  .SMT_.p.....`...
    0310: 46 52 45 45 00 A4 60 08 4D 53 47 48 11 03 0A 04  FREE..`.MSGH....
    0320: 5B 13 4D 53 47 48 0A 0A 0A 08 50 52 54 49 5B 13  [.MSGH....PRTI[.
    0330: 4D 53 47 48 0A 08 0A 02 4D 53 47 54 5B 13 4D 53  MSGH....MSGT[.MS
    0340: 47 48 00 0A 08 4D 53 47 49 70 68 50 52 54 49 70  GH...MSGIphPRTIp
    0350: 00 4D 53 47 54 70 69 4D 53 47 49 70 4D 53 47 48  .MSGTpiMSGIpMSGH
    0360: 53 4D 53 48 70 00 53 43 48 53 70 00 53 43 48 46  SMSHp.SCHSp.SCHF
    0370: 72 0A 04 87 6A 53 4C 45 4E 70 6A 53 50 4C 44 70  r...jSLENpjSPLDp
    0380: 00 44 43 4D 44 70 00 44 44 41 54 A0 15 91 93 46  .DCMDp.DDAT....F
    0390: 52 45 45 00 92 93 7B 53 43 48 53 0A 02 00 00 A4  REE...{SCHS.....
    03A0: 60 70 53 50 4C 44 60 A4 60 5B 82 44 1D 50 4B 47  `pSPLD`.`[.D.PKG
    03B0: 30 08 5F 48 49 44 0D 41 43 50 49 30 30 31 30 00  0._HID.ACPI0010.
    03C0: 08 5F 55 49 44 0A 08 14 09 5F 53 54 41 00 A4 0A  ._UID...._STA...
    03D0: 0F 5B 82 40 0C 43 4C 55 30 08 5F 48 49 44 0D 41  .[.@.CLU0._HID.A
    03E0: 43 50 49 30 30 31 30 00 08 5F 55 49 44 0A 09 14  CPI0010.._UID...
    03F0: 09 5F 53 54 41 00 A4 0A 0F 5B 82 24 43 50 55 30  ._STA....[.$CPU0
    0400: 08 5F 48 49 44 0D 41 43 50 49 30 30 30 37 00 08  ._HID.ACPI0007..
    0410: 5F 55 49 44 00 14 09 5F 53 54 41 00 A4 0A 0F 5B  _UID..._STA....[
    0420: 82 24 43 50 55 31 08 5F 48 49 44 0D 41 43 50 49  .$CPU1._HID.ACPI
    0430: 30 30 30 37 00 08 5F 55 49 44 01 14 09 5F 53 54  0007.._UID..._ST
    0440: 41 00 A4 0A 0F 5B 82 25 43 50 55 32 08 5F 48 49  A....[.%CPU2._HI
    0450: 44 0D 41 43 50 49 30 30 30 37 00 08 5F 55 49 44  D.ACPI0007.._UID
    0460: 0A 02 14 09 5F 53 54 41 00 A4 0A 0F 5B 82 25 43  ...._STA....[.%C
    0470: 50 55 33 08 5F 48 49 44 0D 41 43 50 49 30 30 30  PU3._HID.ACPI000
    0480: 37 00 08 5F 55 49 44 0A 03 14 09 5F 53 54 41 00  7.._UID...._STA.
    0490: A4 0A 0F 5B 82 44 07 43 4C 55 31 08 5F 48 49 44  ...[.D.CLU1._HID
    04A0: 0D 41 43 50 49 30 30 31 30 00 08 5F 55 49 44 0A  .ACPI0010.._UID.
    04B0: 0A 14 09 5F 53 54 41 00 A4 0A 0F 5B 82 25 43 50  ..._STA....[.%CP
    04C0: 55 34 08 5F 48 49 44 0D 41 43 50 49 30 30 30 37  U4._HID.ACPI0007
    04D0: 00 08 5F 55 49 44 0A 04 14 09 5F 53 54 41 00 A4  .._UID...._STA..
    04E0: 0A 0F 5B 82 25 43 50 55 35 08 5F 48 49 44 0D 41  ..[.%CPU5._HID.A
    04F0: 43 50 49 30 30 30 37 00 08 5F 55 49 44 0A 05 14  CPI0007.._UID...
    0500: 09 5F 53 54 41 00 A4 0A 0F 5B 82 44 07 43 4C 55  ._STA....[.D.CLU
    0510: 32 08 5F 48 49 44 0D 41 43 50 49 30 30 31 30 00  2._HID.ACPI0010.
    0520: 08 5F 55 49 44 0A 0B 14 09 5F 53 54 41 00 A4 0A  ._UID...._STA...
    0530: 0F 5B 82 25 43 50 55 36 08 5F 48 49 44 0D 41 43  .[.%CPU6._HID.AC
    0540: 50 49 30 30 30 37 00 08 5F 55 49 44 0A 06 14 09  PI0007.._UID....
    0550: 5F 53 54 41 00 A4 0A 0F 5B 82 25 43 50 55 37 08  _STA....[.%CPU7.
    0560: 5F 48 49 44 0D 41 43 50 49 30 30 30 37 00 08 5F  _HID.ACPI0007.._
    0570: 55 49 44 0A 07 14 09 5F 53 54 41 00 A4 0A 0F 10  UID...._STA.....
    0580: 8D 7B 01 5C 5F 53 42 5F 08 50 42 4D 49 0B 01 00  .{.\_SB_.PBMI...
    0590: 08 50 42 4D 41 0B 01 00 5B 82 46 4B 50 43 49 30  .PBMA...[.FKPCI0
    05A0: 08 5F 48 49 44 0D 50 4E 50 30 41 30 38 00 08 5F  ._HID.PNP0A08.._
    05B0: 43 49 44 0D 50 4E 50 30 41 30 33 00 08 5F 43 43  CID.PNP0A03.._CC
    05C0: 41 00 08 5F 55 49 44 00 08 5F 53 45 47 00 14 0B  A.._UID.._SEG...
    05D0: 5F 42 42 4E 00 A4 50 42 4D 49 08 5F 53 54 41 0A  _BBN..PBMI._STA.
    05E0: 0F 08 5F 50 52 54 12 30 04 12 0A 04 0B FF FF 00  .._PRT.0........
    05F0: 00 0B 24 01 12 0A 04 0B FF FF 01 00 0B 24 01 12  ..$..........$..
    0600: 0B 04 0B FF FF 0A 02 00 0B 24 01 12 0B 04 0B FF  .........$......
    0610: FF 0A 03 00 0B 24 01 14 43 20 5F 43 52 53 08 08  .....$..C _CRS..
    0620: 52 42 55 46 11 4C 08 0A 88 88 0D 00 02 0C 00 00  RBUF.L..........
    0630: 00 00 00 00 00 00 00 01 00 87 17 00 00 0C 01 00  ................
    0640: 00 00 00 00 00 00 00 00 00 00 00 00 00 00 00 01  ................
    0650: 00 00 00 8A 2B 00 00 0C 01 00 00 00 00 00 00 00  ....+...........
    0660: 00 00 00 00 00 00 00 00 00 00 00 00 00 00 00 00  ................
    0670: 00 00 00 00 00 00 00 00 00 01 00 00 00 00 00 00  ................
    0680: 00 8A 2B 00 01 0C 03 00 00 00 00 00 00 00 00 00  ..+.............
    0690: 00 00 00 00 00 00 00 00 00 00 00 00 00 00 00 00  ................
    06A0: 00 00 00 00 00 00 00 01 00 00 00 00 00 00 00 79  ...............y
    06B0: 00 8B 52 42 55 46 0A 08 4D 49 30 30 8B 52 42 55  ..RBUF..MI00.RBU
    06C0: 46 0A 0A 4D 41 30 30 8B 52 42 55 46 0A 0C 54 52  F..MA00.RBUF..TR
    06D0: 30 30 8B 52 42 55 46 0A 0E 4C 45 30 30 72 74 50  00.RBUF..LE00rtP
    06E0: 42 4D 41 50 42 4D 49 00 01 4C 45 30 30 70 50 42  BMAPBMI..LE00pPB
    06F0: 4D 49 4D 49 30 30 70 00 54 52 30 30 74 72 4D 49  MIMI00p.TR00trMI
    0700: 30 30 4C 45 30 30 00 01 4D 41 30 30 8A 52 42 55  00LE00..MA00.RBU
    0710: 46 0A 1A 4D 49 30 31 8A 52 42 55 46 0A 1E 4D 41  F..MI01.RBUF..MA
    0720: 30 31 8A 52 42 55 46 0A 22 54 52 30 31 8A 52 42  01.RBUF."TR01.RB
    0730: 55 46 0A 26 4C 45 30 31 70 0C 00 00 00 01 4C 45  UF.&LE01p.....LE
    0740: 30 31 70 0C 00 00 00 F0 4D 49 30 31 70 00 54 52  01p.....MI01p.TR
    0750: 30 31 74 72 4D 49 30 31 4C 45 30 31 00 01 4D 41  01trMI01LE01..MA
    0760: 30 31 8F 52 42 55 46 0A 38 4D 49 30 32 8F 52 42  01.RBUF.8MI02.RB
    0770: 55 46 0A 40 4D 41 30 32 8F 52 42 55 46 0A 48 54  UF.@MA02.RBUF.HT
    0780: 52 30 32 8F 52 42 55 46 0A 50 4C 45 30 32 70 0C  R02.RBUF.PLE02p.
    0790: 00 00 FF 2F 4C 45 30 32 70 0E 00 00 00 10 09 00  .../LE02p.......
    07A0: 00 00 4D 49 30 32 70 00 54 52 30 32 74 72 4D 49  ..MI02p.TR02trMI
    07B0: 30 32 4C 45 30 32 00 01 4D 41 30 32 8F 52 42 55  02LE02..MA02.RBU
    07C0: 46 0A 66 4D 49 30 33 8F 52 42 55 46 0A 6E 4D 41  F.fMI03.RBUF.nMA
    07D0: 30 33 8F 52 42 55 46 0A 76 54 52 30 33 8F 52 42  03.RBUF.vTR03.RB
    07E0: 55 46 0A 7E 4C 45 30 33 70 0C 00 00 01 00 4C 45  UF.~LE03p.....LE
    07F0: 30 33 70 00 4D 49 30 33 70 0E 00 00 FF 3F 09 00  03p.MI03p....?..
    0800: 00 00 54 52 30 33 74 72 4D 49 30 33 4C 45 30 33  ..TR03trMI03LE03
    0810: 00 01 4D 41 30 33 A4 52 42 55 46 5B 82 49 0C 52  ..MA03.RBUF[.I.R
    0820: 45 53 30 08 5F 48 49 44 0D 41 4D 5A 4E 30 30 30  ES0._HID.AMZN000
    0830: 31 00 08 5F 43 49 44 0D 50 4E 50 30 43 30 32 00  1.._CID.PNP0C02.
    0840: 08 5F 55 49 44 00 14 4F 09 5F 43 52 53 08 08 52  ._UID..O._CRS..R
    0850: 42 55 46 11 33 0A 30 8A 2B 00 00 0C 01 00 00 00  BUF.3.0.+.......
    0860: 00 00 00 00 00 00 00 00 00 00 00 00 00 00 00 00  ................
    0870: 00 00 00 00 00 00 00 00 00 00 00 00 00 01 00 00  ................
    0880: 00 00 00 00 00 79 00 8F 52 42 55 46 0A 0E 4D 49  .....y..RBUF..MI
    0890: 30 30 8F 52 42 55 46 0A 16 4D 41 30 30 8F 52 42  00.RBUF..MA00.RB
    08A0: 55 46 0A 1E 54 52 30 30 8F 52 42 55 46 0A 26 4C  UF..TR00.RBUF.&L
    08B0: 45 30 30 70 0C 00 00 40 00 4C 45 30 30 70 0E 00  E00p...@.LE00p..
    08C0: 00 00 40 0A 00 00 00 4D 49 30 30 70 00 54 52 30  ..@....MI00p.TR0
    08D0: 30 74 72 4D 49 30 30 4C 45 30 30 00 01 4D 41 30  0trMI00LE00..MA0
    08E0: 30 A4 52 42 55 46 5B 82 4A 0B 52 45 53 31 08 5F  0.RBUF[.J.RES1._
    08F0: 48 49 44 0D 50 4E 50 30 43 30 32 00 08 5F 55 49  HID.PNP0C02.._UI
    0900: 44 01 14 4F 09 5F 43 52 53 08 08 52 42 55 46 11  D..O._CRS..RBUF.
    0910: 33 0A 30 8A 2B 00 00 0C 01 00 00 00 00 00 00 00  3.0.+...........
    0920: 00 00 00 00 00 00 00 00 00 00 00 00 00 00 00 00  ................
    0930: 00 00 00 00 00 00 00 00 00 01 00 00 00 00 00 00  ................
    0940: 00 79 00 8F 52 42 55 46 0A 0E 4D 49 30 30 8F 52  .y..RBUF..MI00.R
    0950: 42 55 46 0A 16 4D 41 30 30 8F 52 42 55 46 0A 1E  BUF..MA00.RBUF..
    0960: 54 52 30 30 8F 52 42 55 46 0A 26 4C 45 30 30 70  TR00.RBUF.&LE00p
    0970: 0C 00 00 00 10 4C 45 30 30 70 0E 00 00 00 00 09  .....LE00p......
    0980: 00 00 00 4D 49 30 30 70 00 54 52 30 30 74 72 4D  ...MI00p.TR00trM
    0990: 49 30 30 4C 45 30 30 00 01 4D 41 30 30 A4 52 42  I00LE00..MA00.RB
    09A0: 55 46 08 53 55 50 50 00 08 43 54 52 4C 00 14 41  UF.SUPP..CTRL..A
    09B0: 0A 5F 4F 53 43 04 A0 4A 08 93 68 11 13 0A 10 5B  ._OSC..J..h....[
    09C0: 4D DB 33 F7 1F 1C 40 96 57 74 41 C0 3D D7 66 8A  M.3...@.WtA.=.f.
    09D0: 6B 00 43 44 57 31 8A 6B 0A 04 43 44 57 32 8A 6B  k.CDW1.k..CDW2.k
    09E0: 0A 08 43 44 57 33 70 43 44 57 32 53 55 50 50 70  ..CDW3pCDW2SUPPp
    09F0: 43 44 57 33 43 54 52 4C 7B 43 54 52 4C 0A 1E 43  CDW3CTRL{CTRL..C
    0A00: 54 52 4C 7B 43 54 52 4C 0A 1D 43 54 52 4C A0 10  TRL{CTRL..CTRL..
    0A10: 92 93 69 01 7D 43 44 57 31 0A 08 43 44 57 31 A0  ..i.}CDW1..CDW1.
    0A20: 16 92 93 43 44 57 33 43 54 52 4C 7D 43 44 57 31  ...CDW3CTRL}CDW1
    0A30: 0A 10 43 44 57 31 70 43 54 52 4C 43 44 57 33 A4  ..CDW1pCTRLCDW3.
    0A40: 6B A1 0E 7D 43 44 57 31 0A 04 43 44 57 31 A4 6B  k..}CDW1..CDW1.k
    0A50: 5B 82 47 4B 50 43 49 31 08 5F 48 49 44 0D 50 4E  [.GKPCI1._HID.PN
    0A60: 50 30 41 30 38 00 08 5F 43 49 44 0D 50 4E 50 30  P0A08.._CID.PNP0
    0A70: 41 30 33 00 08 5F 43 43 41 00 08 5F 55 49 44 01  A03.._CCA.._UID.
    0A80: 08 5F 53 45 47 01 14 0B 5F 42 42 4E 00 A4 50 42  ._SEG..._BBN..PB
    0A90: 4D 49 08 5F 53 54 41 0A 0F 08 5F 50 52 54 12 30  MI._STA..._PRT.0
    0AA0: 04 12 0A 04 0B FF FF 00 00 0B 1F 01 12 0A 04 0B  ................
    0AB0: FF FF 01 00 0B 1F 01 12 0B 04 0B FF FF 0A 02 00  ................
    0AC0: 0B 1F 01 12 0B 04 0B FF FF 0A 03 00 0B 1F 01 14  ................
    0AD0: 43 20 5F 43 52 53 08 08 52 42 55 46 11 4C 08 0A  C _CRS..RBUF.L..
    0AE0: 88 88 0D 00 02 0C 00 00 00 00 00 00 00 00 00 01  ................
    0AF0: 00 87 17 00 00 0C 01 00 00 00 00 00 00 00 00 00  ................
    0B00: 00 00 00 00 00 00 00 01 00 00 00 8A 2B 00 00 0C  ............+...
    0B10: 01 00 00 00 00 00 00 00 00 00 00 00 00 00 00 00  ................
    0B20: 00 00 00 00 00 00 00 00 00 00 00 00 00 00 00 00  ................
    0B30: 00 01 00 00 00 00 00 00 00 8A 2B 00 01 0C 03 00  ..........+.....
    0B40: 00 00 00 00 00 00 00 00 00 00 00 00 00 00 00 00  ................
    0B50: 00 00 00 00 00 00 00 00 00 00 00 00 00 00 00 01  ................
    0B60: 00 00 00 00 00 00 00 79 00 8B 52 42 55 46 0A 08  .......y..RBUF..
    0B70: 4D 49 30 30 8B 52 42 55 46 0A 0A 4D 41 30 30 8B  MI00.RBUF..MA00.
    0B80: 52 42 55 46 0A 0C 54 52 30 30 8B 52 42 55 46 0A  RBUF..TR00.RBUF.
    0B90: 0E 4C 45 30 30 72 74 50 42 4D 41 50 42 4D 49 00  .LE00rtPBMAPBMI.
    0BA0: 01 4C 45 30 30 70 50 42 4D 49 4D 49 30 30 70 00  .LE00pPBMIMI00p.
    0BB0: 54 52 30 30 74 72 4D 49 30 30 4C 45 30 30 00 01  TR00trMI00LE00..
    0BC0: 4D 41 30 30 8A 52 42 55 46 0A 1A 4D 49 30 31 8A  MA00.RBUF..MI01.
    0BD0: 52 42 55 46 0A 1E 4D 41 30 31 8A 52 42 55 46 0A  RBUF..MA01.RBUF.
    0BE0: 22 54 52 30 31 8A 52 42 55 46 0A 26 4C 45 30 31  "TR01.RBUF.&LE01
    0BF0: 70 0C 00 00 00 01 4C 45 30 31 70 0C 00 00 00 F1  p.....LE01p.....
    0C00: 4D 49 30 31 70 00 54 52 30 31 74 72 4D 49 30 31  MI01p.TR01trMI01
    0C10: 4C 45 30 31 00 01 4D 41 30 31 8F 52 42 55 46 0A  LE01..MA01.RBUF.
    0C20: 38 4D 49 30 32 8F 52 42 55 46 0A 40 4D 41 30 32  8MI02.RBUF.@MA02
    0C30: 8F 52 42 55 46 0A 48 54 52 30 32 8F 52 42 55 46  .RBUF.HTR02.RBUF
    0C40: 0A 50 4C 45 30 32 70 0C 00 00 FF 2F 4C 45 30 32  .PLE02p..../LE02
    0C50: 70 0E 00 00 00 50 09 00 00 00 4D 49 30 32 70 00  p....P....MI02p.
    0C60: 54 52 30 32 74 72 4D 49 30 32 4C 45 30 32 00 01  TR02trMI02LE02..
    0C70: 4D 41 30 32 8F 52 42 55 46 0A 66 4D 49 30 33 8F  MA02.RBUF.fMI03.
    0C80: 52 42 55 46 0A 6E 4D 41 30 33 8F 52 42 55 46 0A  RBUF.nMA03.RBUF.
    0C90: 76 54 52 30 33 8F 52 42 55 46 0A 7E 4C 45 30 33  vTR03.RBUF.~LE03
    0CA0: 70 0C 00 00 01 00 4C 45 30 33 70 00 4D 49 30 33  p.....LE03p.MI03
    0CB0: 70 0E 00 00 FF 7F 09 00 00 00 54 52 30 33 74 72  p.........TR03tr
    0CC0: 4D 49 30 33 4C 45 30 33 00 01 4D 41 30 33 A4 52  MI03LE03..MA03.R
    0CD0: 42 55 46 5B 82 49 0C 52 45 53 30 08 5F 48 49 44  BUF[.I.RES0._HID
    0CE0: 0D 41 4D 5A 4E 30 30 30 31 00 08 5F 43 49 44 0D  .AMZN0001.._CID.
    0CF0: 50 4E 50 30 43 30 32 00 08 5F 55 49 44 01 14 4F  PNP0C02.._UID..O
    0D00: 09 5F 43 52 53 08 08 52 42 55 46 11 33 0A 30 8A  ._CRS..RBUF.3.0.
    0D10: 2B 00 00 0C 01 00 00 00 00 00 00 00 00 00 00 00  +...............
    0D20: 00 00 00 00 00 00 00 00 00 00 00 00 00 00 00 00  ................
    0D30: 00 00 00 00 00 01 00 00 00 00 00 00 00 79 00 8F  .............y..
    0D40: 52 42 55 46 0A 0E 4D 49 30 30 8F 52 42 55 46 0A  RBUF..MI00.RBUF.
    0D50: 16 4D 41 30 30 8F 52 42 55 46 0A 1E 54 52 30 30  .MA00.RBUF..TR00
    0D60: 8F 52 42 55 46 0A 26 4C 45 30 30 70 0C 00 00 40  .RBUF.&LE00p...@
    0D70: 00 4C 45 30 30 70 0E 00 00 40 40 0A 00 00 00 4D  .LE00p...@@....M
    0D80: 49 30 30 70 00 54 52 30 30 74 72 4D 49 30 30 4C  I00p.TR00trMI00L
    0D90: 45 30 30 00 01 4D 41 30 30 A4 52 42 55 46 5B 82  E00..MA00.RBUF[.
    0DA0: 4B 0B 52 45 53 31 08 5F 48 49 44 0D 50 4E 50 30  K.RES1._HID.PNP0
    0DB0: 43 30 32 00 08 5F 55 49 44 0A 02 14 4F 09 5F 43  C02.._UID...O._C
    0DC0: 52 53 08 08 52 42 55 46 11 33 0A 30 8A 2B 00 00  RS..RBUF.3.0.+..
    0DD0: 0C 01 00 00 00 00 00 00 00 00 00 00 00 00 00 00  ................
    0DE0: 00 00 00 00 00 00 00 00 00 00 00 00 00 00 00 00  ................
    0DF0: 00 00 01 00 00 00 00 00 00 00 79 00 8F 52 42 55  ..........y..RBU
    0E00: 46 0A 0E 4D 49 30 30 8F 52 42 55 46 0A 16 4D 41  F..MI00.RBUF..MA
    0E10: 30 30 8F 52 42 55 46 0A 1E 54 52 30 30 8F 52 42  00.RBUF..TR00.RB
    0E20: 55 46 0A 26 4C 45 30 30 70 0C 00 00 00 10 4C 45  UF.&LE00p.....LE
    0E30: 30 30 70 0E 00 00 00 40 09 00 00 00 4D 49 30 30  00p....@....MI00
    0E40: 70 00 54 52 30 30 74 72 4D 49 30 30 4C 45 30 30  p.TR00trMI00LE00
    0E50: 00 01 4D 41 30 30 A4 52 42 55 46 08 53 55 50 50  ..MA00.RBUF.SUPP
    0E60: 00 08 43 54 52 4C 00 14 41 0A 5F 4F 53 43 04 A0  ..CTRL..A._OSC..
    0E70: 4A 08 93 68 11 13 0A 10 5B 4D DB 33 F7 1F 1C 40  J..h....[M.3...@
    0E80: 96 57 74 41 C0 3D D7 66 8A 6B 00 43 44 57 31 8A  .WtA.=.f.k.CDW1.
    0E90: 6B 0A 04 43 44 57 32 8A 6B 0A 08 43 44 57 33 70  k..CDW2.k..CDW3p
    0EA0: 43 44 57 32 53 55 50 50 70 43 44 57 33 43 54 52  CDW2SUPPpCDW3CTR
    0EB0: 4C 7B 43 54 52 4C 0A 1E 43 54 52 4C 7B 43 54 52  L{CTRL..CTRL{CTR
    0EC0: 4C 0A 1D 43 54 52 4C A0 10 92 93 69 01 7D 43 44  L..CTRL....i.}CD
    0ED0: 57 31 0A 08 43 44 57 31 A0 16 92 93 43 44 57 33  W1..CDW1....CDW3
    0EE0: 43 54 52 4C 7D 43 44 57 31 0A 10 43 44 57 31 70  CTRL}CDW1..CDW1p
    0EF0: 43 54 52 4C 43 44 57 33 A4 6B A1 0E 7D 43 44 57  CTRLCDW3.k..}CDW
    0F00: 31 0A 04 43 44 57 31 A4 6B 5B 82 4A 4B 50 43 49  1..CDW1.k[.JKPCI
    0F10: 32 08 5F 48 49 44 0D 50 4E 50 30 41 30 38 00 08  2._HID.PNP0A08..
    0F20: 5F 43 49 44 0D 50 4E 50 30 41 30 33 00 08 5F 43  _CID.PNP0A03.._C
    0F30: 43 41 00 08 5F 55 49 44 0A 02 08 5F 53 45 47 0A  CA.._UID..._SEG.
    0F40: 02 14 0B 5F 42 42 4E 00 A4 50 42 4D 49 08 5F 53  ..._BBN..PBMI._S
    0F50: 54 41 0A 0F 08 5F 50 52 54 12 30 04 12 0A 04 0B  TA..._PRT.0.....
    0F60: FF FF 00 00 0B 10 01 12 0A 04 0B FF FF 01 00 0B  ................
    0F70: 10 01 12 0B 04 0B FF FF 0A 02 00 0B 10 01 12 0B  ................
    0F80: 04 0B FF FF 0A 03 00 0B 10 01 14 43 20 5F 43 52  ...........C _CR
    0F90: 53 08 08 52 42 55 46 11 4C 08 0A 88 88 0D 00 02  S..RBUF.L.......
    0FA0: 0C 00 00 00 00 00 00 00 00 00 01 00 87 17 00 00  ................
    0FB0: 0C 01 00 00 00 00 00 00 00 00 00 00 00 00 00 00  ................
    0FC0: 00 00 01 00 00 00 8A 2B 00 00 0C 01 00 00 00 00  .......+........
    0FD0: 00 00 00 00 00 00 00 00 00 00 00 00 00 00 00 00  ................
    0FE0: 00 00 00 00 00 00 00 00 00 00 00 00 01 00 00 00  ................
    0FF0: 00 00 00 00 8A 2B 00 01 0C 03 00 00 00 00 00 00  .....+..........
    1000: 00 00 00 00 00 00 00 00 00 00 00 00 00 00 00 00  ................
    1010: 00 00 00 00 00 00 00 00 00 00 01 00 00 00 00 00  ................
    1020: 00 00 79 00 8B 52 42 55 46 0A 08 4D 49 30 30 8B  ..y..RBUF..MI00.
    1030: 52 42 55 46 0A 0A 4D 41 30 30 8B 52 42 55 46 0A  RBUF..MA00.RBUF.
    1040: 0C 54 52 30 30 8B 52 42 55 46 0A 0E 4C 45 30 30  .TR00.RBUF..LE00
    1050: 72 74 50 42 4D 41 50 42 4D 49 00 01 4C 45 30 30  rtPBMAPBMI..LE00
    1060: 70 50 42 4D 49 4D 49 30 30 70 00 54 52 30 30 74  pPBMIMI00p.TR00t
    1070: 72 4D 49 30 30 4C 45 30 30 00 01 4D 41 30 30 8A  rMI00LE00..MA00.
    1080: 52 42 55 46 0A 1A 4D 49 30 31 8A 52 42 55 46 0A  RBUF..MI01.RBUF.
    1090: 1E 4D 41 30 31 8A 52 42 55 46 0A 22 54 52 30 31  .MA01.RBUF."TR01
    10A0: 8A 52 42 55 46 0A 26 4C 45 30 31 70 0C 00 00 00  .RBUF.&LE01p....
    10B0: 01 4C 45 30 31 70 0C 00 00 00 F2 4D 49 30 31 70  .LE01p.....MI01p
    10C0: 00 54 52 30 31 74 72 4D 49 30 31 4C 45 30 31 00  .TR01trMI01LE01.
    10D0: 01 4D 41 30 31 8F 52 42 55 46 0A 38 4D 49 30 32  .MA01.RBUF.8MI02
    10E0: 8F 52 42 55 46 0A 40 4D 41 30 32 8F 52 42 55 46  .RBUF.@MA02.RBUF
    10F0: 0A 48 54 52 30 32 8F 52 42 55 46 0A 50 4C 45 30  .HTR02.RBUF.PLE0
    1100: 32 70 0C 00 00 FF 2F 4C 45 30 32 70 0E 00 00 00  2p..../LE02p....
    1110: 90 09 00 00 00 4D 49 30 32 70 00 54 52 30 32 74  .....MI02p.TR02t
    1120: 72 4D 49 30 32 4C 45 30 32 00 01 4D 41 30 32 8F  rMI02LE02..MA02.
    1130: 52 42 55 46 0A 66 4D 49 30 33 8F 52 42 55 46 0A  RBUF.fMI03.RBUF.
    1140: 6E 4D 41 30 33 8F 52 42 55 46 0A 76 54 52 30 33  nMA03.RBUF.vTR03
    1150: 8F 52 42 55 46 0A 7E 4C 45 30 33 70 0C 00 00 01  .RBUF.~LE03p....
    1160: 00 4C 45 30 33 70 00 4D 49 30 33 70 0E 00 00 FF  .LE03p.MI03p....
    1170: BF 09 00 00 00 54 52 30 33 74 72 4D 49 30 33 4C  .....TR03trMI03L
    1180: 45 30 33 00 01 4D 41 30 33 A4 52 42 55 46 5B 82  E03..MA03.RBUF[.
    1190: 4A 0C 52 45 53 30 08 5F 48 49 44 0D 41 4D 5A 4E  J.RES0._HID.AMZN
    11A0: 30 30 30 31 00 08 5F 43 49 44 0D 50 4E 50 30 43  0001.._CID.PNP0C
    11B0: 30 32 00 08 5F 55 49 44 0A 02 14 4F 09 5F 43 52  02.._UID...O._CR
    11C0: 53 08 08 52 42 55 46 11 33 0A 30 8A 2B 00 00 0C  S..RBUF.3.0.+...
    11D0: 01 00 00 00 00 00 00 00 00 00 00 00 00 00 00 00  ................
    11E0: 00 00 00 00 00 00 00 00 00 00 00 00 00 00 00 00  ................
    11F0: 00 01 00 00 00 00 00 00 00 79 00 8F 52 42 55 46  .........y..RBUF
    1200: 0A 0E 4D 49 30 30 8F 52 42 55 46 0A 16 4D 41 30  ..MI00.RBUF..MA0
    1210: 30 8F 52 42 55 46 0A 1E 54 52 30 30 8F 52 42 55  0.RBUF..TR00.RBU
    1220: 46 0A 26 4C 45 30 30 70 0C 00 00 40 00 4C 45 30  F.&LE00p...@.LE0
    1230: 30 70 0E 00 00 80 40 0A 00 00 00 4D 49 30 30 70  0p....@....MI00p
    1240: 00 54 52 30 30 74 72 4D 49 30 30 4C 45 30 30 00  .TR00trMI00LE00.
    1250: 01 4D 41 30 30 A4 52 42 55 46 5B 82 4B 0B 52 45  .MA00.RBUF[.K.RE
    1260: 53 31 08 5F 48 49 44 0D 50 4E 50 30 43 30 32 00  S1._HID.PNP0C02.
    1270: 08 5F 55 49 44 0A 03 14 4F 09 5F 43 52 53 08 08  ._UID...O._CRS..
    1280: 52 42 55 46 11 33 0A 30 8A 2B 00 00 0C 01 00 00  RBUF.3.0.+......
    1290: 00 00 00 00 00 00 00 00 00 00 00 00 00 00 00 00  ................
    12A0: 00 00 00 00 00 00 00 00 00 00 00 00 00 00 01 00  ................
    12B0: 00 00 00 00 00 00 79 00 8F 52 42 55 46 0A 0E 4D  ......y..RBUF..M
    12C0: 49 30 30 8F 52 42 55 46 0A 16 4D 41 30 30 8F 52  I00.RBUF..MA00.R
    12D0: 42 55 46 0A 1E 54 52 30 30 8F 52 42 55 46 0A 26  BUF..TR00.RBUF.&
    12E0: 4C 45 30 30 70 0C 00 00 00 10 4C 45 30 30 70 0E  LE00p.....LE00p.
    12F0: 00 00 00 80 09 00 00 00 4D 49 30 30 70 00 54 52  ........MI00p.TR
    1300: 30 30 74 72 4D 49 30 30 4C 45 30 30 00 01 4D 41  00trMI00LE00..MA
    1310: 30 30 A4 52 42 55 46 08 53 55 50 50 00 08 43 54  00.RBUF.SUPP..CT
    1320: 52 4C 00 14 41 0A 5F 4F 53 43 04 A0 4A 08 93 68  RL..A._OSC..J..h
    1330: 11 13 0A 10 5B 4D DB 33 F7 1F 1C 40 96 57 74 41  ....[M.3...@.WtA
    1340: C0 3D D7 66 8A 6B 00 43 44 57 31 8A 6B 0A 04 43  .=.f.k.CDW1.k..C
    1350: 44 57 32 8A 6B 0A 08 43 44 57 33 70 43 44 57 32  DW2.k..CDW3pCDW2
    1360: 53 55 50 50 70 43 44 57 33 43 54 52 4C 7B 43 54  SUPPpCDW3CTRL{CT
    1370: 52 4C 0A 1E 43 54 52 4C 7B 43 54 52 4C 0A 1D 43  RL..CTRL{CTRL..C
    1380: 54 52 4C A0 10 92 93 69 01 7D 43 44 57 31 0A 08  TRL....i.}CDW1..
    1390: 43 44 57 31 A0 16 92 93 43 44 57 33 43 54 52 4C  CDW1....CDW3CTRL
    13A0: 7D 43 44 57 31 0A 10 43 44 57 31 70 43 54 52 4C  }CDW1..CDW1pCTRL
    13B0: 43 44 57 33 A4 6B A1 0E 7D 43 44 57 31 0A 04 43  CDW3.k..}CDW1..C
    13C0: 44 57 31 A4 6B 5B 82 4A 4B 50 43 49 33 08 5F 48  DW1.k[.JKPCI3._H
    13D0: 49 44 0D 50 4E 50 30 41 30 38 00 08 5F 43 49 44  ID.PNP0A08.._CID
    13E0: 0D 50 4E 50 30 41 30 33 00 08 5F 43 43 41 00 08  .PNP0A03.._CCA..
    13F0: 5F 55 49 44 0A 03 08 5F 53 45 47 0A 03 14 0B 5F  _UID..._SEG...._
    1400: 42 42 4E 00 A4 50 42 4D 49 08 5F 53 54 41 0A 0F  BBN..PBMI._STA..
    1410: 08 5F 50 52 54 12 30 04 12 0A 04 0B FF FF 00 00  ._PRT.0.........
    1420: 0B 15 01 12 0A 04 0B FF FF 01 00 0B 15 01 12 0B  ................
    1430: 04 0B FF FF 0A 02 00 0B 15 01 12 0B 04 0B FF FF  ................
    1440: 0A 03 00 0B 15 01 14 43 20 5F 43 52 53 08 08 52  .......C _CRS..R
    1450: 42 55 46 11 4C 08 0A 88 88 0D 00 02 0C 00 00 00  BUF.L...........
    1460: 00 00 00 00 00 00 01 00 87 17 00 00 0C 01 00 00  ................
    1470: 00 00 00 00 00 00 00 00 00 00 00 00 00 00 01 00  ................
    1480: 00 00 8A 2B 00 00 0C 01 00 00 00 00 00 00 00 00  ...+............
    1490: 00 00 00 00 00 00 00 00 00 00 00 00 00 00 00 00  ................
    14A0: 00 00 00 00 00 00 00 00 01 00 00 00 00 00 00 00  ................
    14B0: 8A 2B 00 01 0C 03 00 00 00 00 00 00 00 00 00 00  .+..............
    14C0: 00 00 00 00 00 00 00 00 00 00 00 00 00 00 00 00  ................
    14D0: 00 00 00 00 00 00 01 00 00 00 00 00 00 00 79 00  ..............y.
    14E0: 8B 52 42 55 46 0A 08 4D 49 30 30 8B 52 42 55 46  .RBUF..MI00.RBUF
    14F0: 0A 0A 4D 41 30 30 8B 52 42 55 46 0A 0C 54 52 30  ..MA00.RBUF..TR0
    1500: 30 8B 52 42 55 46 0A 0E 4C 45 30 30 72 74 50 42  0.RBUF..LE00rtPB
    1510: 4D 41 50 42 4D 49 00 01 4C 45 30 30 70 50 42 4D  MAPBMI..LE00pPBM
    1520: 49 4D 49 30 30 70 00 54 52 30 30 74 72 4D 49 30  IMI00p.TR00trMI0
    1530: 30 4C 45 30 30 00 01 4D 41 30 30 8A 52 42 55 46  0LE00..MA00.RBUF
    1540: 0A 1A 4D 49 30 31 8A 52 42 55 46 0A 1E 4D 41 30  ..MI01.RBUF..MA0
    1550: 31 8A 52 42 55 46 0A 22 54 52 30 31 8A 52 42 55  1.RBUF."TR01.RBU
    1560: 46 0A 26 4C 45 30 31 70 0C 00 00 00 01 4C 45 30  F.&LE01p.....LE0
    1570: 31 70 0C 00 00 00 F3 4D 49 30 31 70 00 54 52 30  1p.....MI01p.TR0
    1580: 31 74 72 4D 49 30 31 4C 45 30 31 00 01 4D 41 30  1trMI01LE01..MA0
    1590: 31 8F 52 42 55 46 0A 38 4D 49 30 32 8F 52 42 55  1.RBUF.8MI02.RBU
    15A0: 46 0A 40 4D 41 30 32 8F 52 42 55 46 0A 48 54 52  F.@MA02.RBUF.HTR
    15B0: 30 32 8F 52 42 55 46 0A 50 4C 45 30 32 70 0C 00  02.RBUF.PLE02p..
    15C0: 00 FF 2F 4C 45 30 32 70 0E 00 00 00 D0 09 00 00  ../LE02p........
    15D0: 00 4D 49 30 32 70 00 54 52 30 32 74 72 4D 49 30  .MI02p.TR02trMI0
    15E0: 32 4C 45 30 32 00 01 4D 41 30 32 8F 52 42 55 46  2LE02..MA02.RBUF
    15F0: 0A 66 4D 49 30 33 8F 52 42 55 46 0A 6E 4D 41 30  .fMI03.RBUF.nMA0
    1600: 33 8F 52 42 55 46 0A 76 54 52 30 33 8F 52 42 55  3.RBUF.vTR03.RBU
    1610: 46 0A 7E 4C 45 30 33 70 0C 00 00 01 00 4C 45 30  F.~LE03p.....LE0
    1620: 33 70 00 4D 49 30 33 70 0E 00 00 FF FF 09 00 00  3p.MI03p........
    1630: 00 54 52 30 33 74 72 4D 49 30 33 4C 45 30 33 00  .TR03trMI03LE03.
    1640: 01 4D 41 30 33 A4 52 42 55 46 5B 82 4A 0C 52 45  .MA03.RBUF[.J.RE
    1650: 53 30 08 5F 48 49 44 0D 41 4D 5A 4E 30 30 30 31  S0._HID.AMZN0001
    1660: 00 08 5F 43 49 44 0D 50 4E 50 30 43 30 32 00 08  .._CID.PNP0C02..
    1670: 5F 55 49 44 0A 03 14 4F 09 5F 43 52 53 08 08 52  _UID...O._CRS..R
    1680: 42 55 46 11 33 0A 30 8A 2B 00 00 0C 01 00 00 00  BUF.3.0.+.......
    1690: 00 00 00 00 00 00 00 00 00 00 00 00 00 00 00 00  ................
    16A0: 00 00 00 00 00 00 00 00 00 00 00 00 00 01 00 00  ................
    16B0: 00 00 00 00 00 79 00 8F 52 42 55 46 0A 0E 4D 49  .....y..RBUF..MI
    16C0: 30 30 8F 52 42 55 46 0A 16 4D 41 30 30 8F 52 42  00.RBUF..MA00.RB
    16D0: 55 46 0A 1E 54 52 30 30 8F 52 42 55 46 0A 26 4C  UF..TR00.RBUF.&L
    16E0: 45 30 30 70 0C 00 00 40 00 4C 45 30 30 70 0E 00  E00p...@.LE00p..
    16F0: 00 C0 40 0A 00 00 00 4D 49 30 30 70 00 54 52 30  ..@....MI00p.TR0
    1700: 30 74 72 4D 49 30 30 4C 45 30 30 00 01 4D 41 30  0trMI00LE00..MA0
    1710: 30 A4 52 42 55 46 5B 82 4B 0B 52 45 53 31 08 5F  0.RBUF[.K.RES1._
    1720: 48 49 44 0D 50 4E 50 30 43 30 32 00 08 5F 55 49  HID.PNP0C02.._UI
    1730: 44 0A 04 14 4F 09 5F 43 52 53 08 08 52 42 55 46  D...O._CRS..RBUF
    1740: 11 33 0A 30 8A 2B 00 00 0C 01 00 00 00 00 00 00  .3.0.+..........
    1750: 00 00 00 00 00 00 00 00 00 00 00 00 00 00 00 00  ................
    1760: 00 00 00 00 00 00 00 00 00 00 01 00 00 00 00 00  ................
    1770: 00 00 79 00 8F 52 42 55 46 0A 0E 4D 49 30 30 8F  ..y..RBUF..MI00.
    1780: 52 42 55 46 0A 16 4D 41 30 30 8F 52 42 55 46 0A  RBUF..MA00.RBUF.
    1790: 1E 54 52 30 30 8F 52 42 55 46 0A 26 4C 45 30 30  .TR00.RBUF.&LE00
    17A0: 70 0C 00 00 00 10 4C 45 30 30 70 0E 00 00 00 C0  p.....LE00p.....
    17B0: 09 00 00 00 4D 49 30 30 70 00 54 52 30 30 74 72  ....MI00p.TR00tr
    17C0: 4D 49 30 30 4C 45 30 30 00 01 4D 41 30 30 A4 52  MI00LE00..MA00.R
    17D0: 42 55 46 08 53 55 50 50 00 08 43 54 52 4C 00 14  BUF.SUPP..CTRL..
    17E0: 41 0A 5F 4F 53 43 04 A0 4A 08 93 68 11 13 0A 10  A._OSC..J..h....
    17F0: 5B 4D DB 33 F7 1F 1C 40 96 57 74 41 C0 3D D7 66  [M.3...@.WtA.=.f
    1800: 8A 6B 00 43 44 57 31 8A 6B 0A 04 43 44 57 32 8A  .k.CDW1.k..CDW2.
    1810: 6B 0A 08 43 44 57 33 70 43 44 57 32 53 55 50 50  k..CDW3pCDW2SUPP
    1820: 70 43 44 57 33 43 54 52 4C 7B 43 54 52 4C 0A 1E  pCDW3CTRL{CTRL..
    1830: 43 54 52 4C 7B 43 54 52 4C 0A 1D 43 54 52 4C A0  CTRL{CTRL..CTRL.
    1840: 10 92 93 69 01 7D 43 44 57 31 0A 08 43 44 57 31  ...i.}CDW1..CDW1
    1850: A0 16 92 93 43 44 57 33 43 54 52 4C 7D 43 44 57  ....CDW3CTRL}CDW
    1860: 31 0A 10 43 44 57 31 70 43 54 52 4C 43 44 57 33  1..CDW1pCTRLCDW3
    1870: A4 6B A1 0E 7D 43 44 57 31 0A 04 43 44 57 31 A4  .k..}CDW1..CDW1.
    1880: 6B 5B 82 4A 4B 50 43 49 34 08 5F 48 49 44 0D 50  k[.JKPCI4._HID.P
    1890: 4E 50 30 41 30 38 00 08 5F 43 49 44 0D 50 4E 50  NP0A08.._CID.PNP
    18A0: 30 41 30 33 00 08 5F 43 43 41 00 08 5F 55 49 44  0A03.._CCA.._UID
    18B0: 0A 04 08 5F 53 45 47 0A 04 14 0B 5F 42 42 4E 00  ..._SEG...._BBN.
    18C0: A4 50 42 4D 49 08 5F 53 54 41 0A 0F 08 5F 50 52  .PBMI._STA..._PR
    18D0: 54 12 30 04 12 0A 04 0B FF FF 00 00 0B 1A 01 12  T.0.............
    18E0: 0A 04 0B FF FF 01 00 0B 1A 01 12 0B 04 0B FF FF  ................
    18F0: 0A 02 00 0B 1A 01 12 0B 04 0B FF FF 0A 03 00 0B  ................
    1900: 1A 01 14 43 20 5F 43 52 53 08 08 52 42 55 46 11  ...C _CRS..RBUF.
    1910: 4C 08 0A 88 88 0D 00 02 0C 00 00 00 00 00 00 00  L...............
    1920: 00 00 01 00 87 17 00 00 0C 01 00 00 00 00 00 00  ................
    1930: 00 00 00 00 00 00 00 00 00 00 01 00 00 00 8A 2B  ...............+
    1940: 00 00 0C 01 00 00 00 00 00 00 00 00 00 00 00 00  ................
    1950: 00 00 00 00 00 00 00 00 00 00 00 00 00 00 00 00  ................
    1960: 00 00 00 00 01 00 00 00 00 00 00 00 8A 2B 00 01  .............+..
    1970: 0C 03 00 00 00 00 00 00 00 00 00 00 00 00 00 00  ................
    1980: 00 00 00 00 00 00 00 00 00 00 00 00 00 00 00 00  ................
    1990: 00 00 01 00 00 00 00 00 00 00 79 00 8B 52 42 55  ..........y..RBU
    19A0: 46 0A 08 4D 49 30 30 8B 52 42 55 46 0A 0A 4D 41  F..MI00.RBUF..MA
    19B0: 30 30 8B 52 42 55 46 0A 0C 54 52 30 30 8B 52 42  00.RBUF..TR00.RB
    19C0: 55 46 0A 0E 4C 45 30 30 72 74 50 42 4D 41 50 42  UF..LE00rtPBMAPB
    19D0: 4D 49 00 01 4C 45 30 30 70 50 42 4D 49 4D 49 30  MI..LE00pPBMIMI0
    19E0: 30 70 00 54 52 30 30 74 72 4D 49 30 30 4C 45 30  0p.TR00trMI00LE0
    19F0: 30 00 01 4D 41 30 30 8A 52 42 55 46 0A 1A 4D 49  0..MA00.RBUF..MI
    1A00: 30 31 8A 52 42 55 46 0A 1E 4D 41 30 31 8A 52 42  01.RBUF..MA01.RB
    1A10: 55 46 0A 22 54 52 30 31 8A 52 42 55 46 0A 26 4C  UF."TR01.RBUF.&L
    1A20: 45 30 31 70 0C 00 00 00 01 4C 45 30 31 70 0C 00  E01p.....LE01p..
    1A30: 00 00 F4 4D 49 30 31 70 00 54 52 30 31 74 72 4D  ...MI01p.TR01trM
    1A40: 49 30 31 4C 45 30 31 00 01 4D 41 30 31 8F 52 42  I01LE01..MA01.RB
    1A50: 55 46 0A 38 4D 49 30 32 8F 52 42 55 46 0A 40 4D  UF.8MI02.RBUF.@M
    1A60: 41 30 32 8F 52 42 55 46 0A 48 54 52 30 32 8F 52  A02.RBUF.HTR02.R
    1A70: 42 55 46 0A 50 4C 45 30 32 70 0C 00 00 FF 2F 4C  BUF.PLE02p..../L
    1A80: 45 30 32 70 0E 00 00 00 10 0A 00 00 00 4D 49 30  E02p.........MI0
    1A90: 32 70 00 54 52 30 32 74 72 4D 49 30 32 4C 45 30  2p.TR02trMI02LE0
    1AA0: 32 00 01 4D 41 30 32 8F 52 42 55 46 0A 66 4D 49  2..MA02.RBUF.fMI
    1AB0: 30 33 8F 52 42 55 46 0A 6E 4D 41 30 33 8F 52 42  03.RBUF.nMA03.RB
    1AC0: 55 46 0A 76 54 52 30 33 8F 52 42 55 46 0A 7E 4C  UF.vTR03.RBUF.~L
    1AD0: 45 30 33 70 0C 00 00 01 00 4C 45 30 33 70 00 4D  E03p.....LE03p.M
    1AE0: 49 30 33 70 0E 00 00 FF 3F 0A 00 00 00 54 52 30  I03p....?....TR0
    1AF0: 33 74 72 4D 49 30 33 4C 45 30 33 00 01 4D 41 30  3trMI03LE03..MA0
    1B00: 33 A4 52 42 55 46 5B 82 4A 0C 52 45 53 30 08 5F  3.RBUF[.J.RES0._
    1B10: 48 49 44 0D 41 4D 5A 4E 30 30 30 31 00 08 5F 43  HID.AMZN0001.._C
    1B20: 49 44 0D 50 4E 50 30 43 30 32 00 08 5F 55 49 44  ID.PNP0C02.._UID
    1B30: 0A 04 14 4F 09 5F 43 52 53 08 08 52 42 55 46 11  ...O._CRS..RBUF.
    1B40: 33 0A 30 8A 2B 00 00 0C 01 00 00 00 00 00 00 00  3.0.+...........
    1B50: 00 00 00 00 00 00 00 00 00 00 00 00 00 00 00 00  ................
    1B60: 00 00 00 00 00 00 00 00 00 01 00 00 00 00 00 00  ................
    1B70: 00 79 00 8F 52 42 55 46 0A 0E 4D 49 30 30 8F 52  .y..RBUF..MI00.R
    1B80: 42 55 46 0A 16 4D 41 30 30 8F 52 42 55 46 0A 1E  BUF..MA00.RBUF..
    1B90: 54 52 30 30 8F 52 42 55 46 0A 26 4C 45 30 30 70  TR00.RBUF.&LE00p
    1BA0: 0C 00 00 40 00 4C 45 30 30 70 0E 00 00 00 41 0A  ...@.LE00p....A.
    1BB0: 00 00 00 4D 49 30 30 70 00 54 52 30 30 74 72 4D  ...MI00p.TR00trM
    1BC0: 49 30 30 4C 45 30 30 00 01 4D 41 30 30 A4 52 42  I00LE00..MA00.RB
    1BD0: 55 46 5B 82 4B 0B 52 45 53 31 08 5F 48 49 44 0D  UF[.K.RES1._HID.
    1BE0: 50 4E 50 30 43 30 32 00 08 5F 55 49 44 0A 05 14  PNP0C02.._UID...
    1BF0: 4F 09 5F 43 52 53 08 08 52 42 55 46 11 33 0A 30  O._CRS..RBUF.3.0
    1C00: 8A 2B 00 00 0C 01 00 00 00 00 00 00 00 00 00 00  .+..............
    1C10: 00 00 00 00 00 00 00 00 00 00 00 00 00 00 00 00  ................
    1C20: 00 00 00 00 00 00 01 00 00 00 00 00 00 00 79 00  ..............y.
    1C30: 8F 52 42 55 46 0A 0E 4D 49 30 30 8F 52 42 55 46  .RBUF..MI00.RBUF
    1C40: 0A 16 4D 41 30 30 8F 52 42 55 46 0A 1E 54 52 30  ..MA00.RBUF..TR0
    1C50: 30 8F 52 42 55 46 0A 26 4C 45 30 30 70 0C 00 00  0.RBUF.&LE00p...
    1C60: 00 10 4C 45 30 30 70 0E 00 00 00 00 0A 00 00 00  ..LE00p.........
    1C70: 4D 49 30 30 70 00 54 52 30 30 74 72 4D 49 30 30  MI00p.TR00trMI00
    1C80: 4C 45 30 30 00 01 4D 41 30 30 A4 52 42 55 46 08  LE00..MA00.RBUF.
    1C90: 53 55 50 50 00 08 43 54 52 4C 00 14 41 0A 5F 4F  SUPP..CTRL..A._O
    1CA0: 53 43 04 A0 4A 08 93 68 11 13 0A 10 5B 4D DB 33  SC..J..h....[M.3
    1CB0: F7 1F 1C 40 96 57 74 41 C0 3D D7 66 8A 6B 00 43  ...@.WtA.=.f.k.C
    1CC0: 44 57 31 8A 6B 0A 04 43 44 57 32 8A 6B 0A 08 43  DW1.k..CDW2.k..C
    1CD0: 44 57 33 70 43 44 57 32 53 55 50 50 70 43 44 57  DW3pCDW2SUPPpCDW
    1CE0: 33 43 54 52 4C 7B 43 54 52 4C 0A 1E 43 54 52 4C  3CTRL{CTRL..CTRL
    1CF0: 7B 43 54 52 4C 0A 1D 43 54 52 4C A0 10 92 93 69  {CTRL..CTRL....i
    1D00: 01 7D 43 44 57 31 0A 08 43 44 57 31 A0 16 92 93  .}CDW1..CDW1....
    1D10: 43 44 57 33 43 54 52 4C 7D 43 44 57 31 0A 10 43  CDW3CTRL}CDW1..C
    1D20: 44 57 31 70 43 54 52 4C 43 44 57 33 A4 6B A1 0E  DW1pCTRLCDW3.k..
    1D30: 7D 43 44 57 31 0A 04 43 44 57 31 A4 6B 10 4E 1E  }CDW1..CDW1.k.N.
    1D40: 5C 5F 53 42 5F 5B 82 40 0A 41 54 41 30 08 5F 48  \_SB_[.@.ATA0._H
    1D50: 49 44 0D 52 4B 43 50 30 31 36 31 00 08 5F 55 49  ID.RKCP0161.._UI
    1D60: 44 00 08 5F 43 4C 53 12 06 03 01 0A 06 01 08 5F  D.._CLS........_
    1D70: 43 43 41 00 08 5F 53 54 41 0A 00 14 2B 5F 43 52  CCA.._STA...+_CR
    1D80: 53 08 08 52 42 55 46 11 1A 0A 17 86 09 00 01 00  S..RBUF.........
    1D90: 00 21 FE 00 10 00 00 89 06 00 01 01 31 01 00 00  .!..........1...
    1DA0: 79 00 A4 52 42 55 46 08 5F 44 53 44 12 3A 02 11  y..RBUF._DSD.:..
    1DB0: 13 0A 10 14 D8 FF DA BA 6E 8C 4D 8A 91 BC 9B BF  ........n.M.....
    1DC0: 4A A3 01 12 23 01 12 20 02 0D 63 6F 6D 70 61 74  J...#.. ..compat
    1DD0: 69 62 6C 65 00 0D 72 6F 63 6B 63 68 69 70 2C 72  ible..rockchip,r
    1DE0: 6B 2D 61 68 63 69 00 5B 82 40 0A 41 54 41 31 08  k-ahci.[.@.ATA1.
    1DF0: 5F 48 49 44 0D 52 4B 43 50 30 31 36 31 00 08 5F  _HID.RKCP0161.._
    1E00: 55 49 44 01 08 5F 43 4C 53 12 06 03 01 0A 06 01  UID.._CLS.......
    1E10: 08 5F 43 43 41 00 08 5F 53 54 41 0A 00 14 2B 5F  ._CCA.._STA...+_
    1E20: 43 52 53 08 08 52 42 55 46 11 1A 0A 17 86 09 00  CRS..RBUF.......
    1E30: 01 00 00 22 FE 00 10 00 00 89 06 00 01 01 32 01  ..."..........2.
    1E40: 00 00 79 00 A4 52 42 55 46 08 5F 44 53 44 12 3A  ..y..RBUF._DSD.:
    1E50: 02 11 13 0A 10 14 D8 FF DA BA 6E 8C 4D 8A 91 BC  ..........n.M...
    1E60: 9B BF 4A A3 01 12 23 01 12 20 02 0D 63 6F 6D 70  ..J...#.. ..comp
    1E70: 61 74 69 62 6C 65 00 0D 72 6F 63 6B 63 68 69 70  atible..rockchip
    1E80: 2C 72 6B 2D 61 68 63 69 00 5B 82 41 0A 41 54 41  ,rk-ahci.[.A.ATA
    1E90: 32 08 5F 48 49 44 0D 52 4B 43 50 30 31 36 31 00  2._HID.RKCP0161.
    1EA0: 08 5F 55 49 44 0A 02 08 5F 43 4C 53 12 06 03 01  ._UID..._CLS....
    1EB0: 0A 06 01 08 5F 43 43 41 00 08 5F 53 54 41 0A 00  ...._CCA.._STA..
    1EC0: 14 2B 5F 43 52 53 08 08 52 42 55 46 11 1A 0A 17  .+_CRS..RBUF....
    1ED0: 86 09 00 01 00 00 23 FE 00 10 00 00 89 06 00 01  ......#.........
    1EE0: 01 33 01 00 00 79 00 A4 52 42 55 46 08 5F 44 53  .3...y..RBUF._DS
    1EF0: 44 12 3A 02 11 13 0A 10 14 D8 FF DA BA 6E 8C 4D  D.:..........n.M
    1F00: 8A 91 BC 9B BF 4A A3 01 12 23 01 12 20 02 0D 63  .....J...#.. ..c
    1F10: 6F 6D 70 61 74 69 62 6C 65 00 0D 72 6F 63 6B 63  ompatible..rockc
    1F20: 68 69 70 2C 72 6B 2D 61 68 63 69 00 5B 82 4F 27  hip,rk-ahci.[.O'
    1F30: 53 44 43 33 08 5F 48 49 44 0D 52 4B 43 50 30 44  SDC3._HID.RKCP0D
    1F40: 34 30 00 08 5F 55 49 44 0A 03 08 5F 43 43 41 00  40.._UID..._CCA.
    1F50: 14 2B 5F 43 52 53 08 08 52 42 55 46 11 1A 0A 17  .+_CRS..RBUF....
    1F60: 86 09 00 01 00 00 2E FE 00 00 01 00 89 06 00 01  ................
    1F70: 01 ED 00 00 00 79 00 A4 52 42 55 46 08 5F 44 53  .....y..RBUF._DS
    1F80: 44 12 48 0C 02 11 13 0A 10 14 D8 FF DA BA 6E 8C  D.H...........n.
    1F90: 4D 8A 91 BC 9B BF 4A A3 01 12 40 0B 08 12 27 02  M.....J...@...'.
    1FA0: 0D 63 6F 6D 70 61 74 69 62 6C 65 00 0D 72 6F 63  .compatible..roc
    1FB0: 6B 63 68 69 70 2C 72 6B 33 35 38 38 2D 64 77 63  kchip,rk3588-dwc
    1FC0: 6D 73 68 63 00 12 16 02 0D 6D 61 78 2D 66 72 65  mshc.....max-fre
    1FD0: 71 75 65 6E 63 79 00 0C 00 C2 EB 0B 12 0F 02 0D  quency..........
    1FE0: 62 75 73 2D 77 69 64 74 68 00 0A 08 12 0A 02 0D  bus-width.......
    1FF0: 6E 6F 2D 73 64 00 01 12 0C 02 0D 6E 6F 2D 73 64  no-sd......no-sd
    2000: 69 6F 00 01 12 13 02 0D 6D 6D 63 2D 68 73 34 30  io......mmc-hs40
    2010: 30 2D 31 5F 38 76 00 01 12 1E 02 0D 6D 6D 63 2D  0-1_8v......mmc-
    2020: 68 73 34 30 30 2D 65 6E 68 61 6E 63 65 64 2D 73  hs400-enhanced-s
    2030: 74 72 6F 62 65 00 01 12 12 02 0D 6E 6F 6E 2D 72  trobe......non-r
    2040: 65 6D 6F 76 61 62 6C 65 00 01 5B 80 45 4D 4D 43  emovable..[.EMMC
    2050: 00 0C 34 04 7C FD 0A 04 5B 81 0B 45 4D 4D 43 43  ..4.|...[..EMMCC
    2060: 50 4C 4C 45 20 14 41 0F 5F 44 53 4D 0C 08 5F 54  PLLE .A._DSM.._T
    2070: 5F 30 00 A0 41 0E 93 68 11 13 0A 10 B0 DD 4A 43  _0..A..h......JC
    2080: F3 8F D5 49 A7 24 95 84 4B 79 AD 1F A2 48 0C 01  ...I.$..Ky...H..
    2090: 70 99 6A 00 5F 54 5F 30 A0 0A 93 5F 54 5F 30 00  p.j._T_0..._T_0.
    20A0: A4 0A 03 A1 40 0B A0 4D 0A 93 5F 54 5F 30 01 70  ....@..M.._T_0.p
    20B0: 83 88 6B 00 00 60 A0 19 92 95 60 0C 00 C2 EB 0B  ..k..`....`.....
    20C0: 70 0C 00 05 00 FF 50 4C 4C 45 A4 0C 00 C2 EB 0B  p.....PLLE......
    20D0: A0 19 92 95 60 0C 80 D1 F0 08 70 0C 00 07 00 FF  ....`.....p.....
    20E0: 50 4C 4C 45 A4 0C 80 D1 F0 08 A0 19 92 95 60 0C  PLLE..........`.
    20F0: 00 E1 F5 05 70 0C 00 0B 00 FF 50 4C 4C 45 A4 0C  ....p.....PLLE..
    2100: 00 E1 F5 05 A0 19 92 95 60 0C 80 F0 FA 02 70 0C  ........`.....p.
    2110: 00 17 00 FF 50 4C 4C 45 A4 0C 80 F0 FA 02 A0 19  ....PLLE........
    2120: 92 95 60 0C 00 36 6E 01 70 0C 00 80 00 FF 50 4C  ..`..6n.p.....PL
    2130: 4C 45 A4 0C 00 36 6E 01 A0 19 92 95 60 0C D8 B8  LE...6n.....`...
    2140: 05 00 70 0C 00 BF 00 FF 50 4C 4C 45 A4 0C D8 B8  ..p.....PLLE....
    2150: 05 00 A4 00 A5 A4 00 14 3C 53 43 4C 4B 09 A0 13  ........<SCLK...
    2160: 92 94 68 0C 80 1A 06 00 70 0C 00 BF 00 FF 50 4C  ..h.....p.....PL
    2170: 4C 45 A1 21 A0 13 92 94 68 0C 80 F0 FA 02 70 0C  LE.!....h.....p.
    2180: 00 80 00 FF 50 4C 4C 45 A1 0B 70 0C 00 06 00 FF  ....PLLE..p.....
    2190: 50 4C 4C 45 5B 82 17 53 44 4D 4D 14 08 5F 41 44  PLLE[..SDMM.._AD
    21A0: 52 00 A4 00 14 08 5F 52 4D 56 00 A4 00 10 47 1D  R....._RMV....G.
    21B0: 5C 5F 53 42 5F 08 53 44 52 4D 01 5B 82 48 1C 53  \_SB_.SDRM.[.H.S
    21C0: 44 48 43 08 5F 48 49 44 0D 52 4B 43 50 46 45 32  DHC._HID.RKCPFE2
    21D0: 43 00 08 5F 55 49 44 00 08 5F 43 43 41 00 08 5F  C.._UID.._CCA.._
    21E0: 53 31 44 01 08 5F 53 32 44 01 08 5F 53 33 44 01  S1D.._S2D.._S3D.
    21F0: 08 5F 53 34 44 01 08 5F 53 54 41 0A 0F 14 43 07  ._S4D.._STA...C.
    2200: 5F 43 52 53 08 08 52 42 55 46 11 41 06 0A 5D 86  _CRS..RBUF.A..].
    2210: 09 00 01 00 00 2C FE 00 40 00 00 89 06 00 01 01  .....,..@.......
    2220: EB 00 00 00 8C 20 00 01 01 01 00 08 00 01 00 00  ..... ..........
    2230: 00 00 17 00 00 19 00 23 00 00 00 04 00 5C 5F 53  .......#.....\_S
    2240: 42 2E 47 50 49 30 00 8C 20 00 01 00 01 00 0D 00  B.GPI0.. .......
    2250: 01 00 00 00 00 17 00 00 19 00 23 00 00 00 04 00  ..........#.....
    2260: 5C 5F 53 42 2E 47 50 49 30 00 79 00 A4 52 42 55  \_SB.GPI0.y..RBU
    2270: 46 08 5F 44 53 44 12 45 0F 02 11 13 0A 10 14 D8  F._DSD.E........
    2280: FF DA BA 6E 8C 4D 8A 91 BC 9B BF 4A A3 01 12 4D  ...n.M.....J...M
    2290: 0D 09 12 44 04 02 0D 63 6F 6D 70 61 74 69 62 6C  ...D...compatibl
    22A0: 65 00 12 34 02 0D 72 6F 63 6B 63 68 69 70 2C 72  e..4..rockchip,r
    22B0: 6B 33 35 38 38 2D 64 77 2D 6D 73 68 63 00 0D 72  k3588-dw-mshc..r
    22C0: 6F 63 6B 63 68 69 70 2C 72 6B 33 32 38 38 2D 64  ockchip,rk3288-d
    22D0: 77 2D 6D 73 68 63 00 12 11 02 0D 66 69 66 6F 2D  w-mshc.....fifo-
    22E0: 64 65 70 74 68 00 0B 00 01 12 16 02 0D 6D 61 78  depth........max
    22F0: 2D 66 72 65 71 75 65 6E 63 79 00 0C 00 C2 EB 0B  -frequency......
    2300: 12 0F 02 0D 62 75 73 2D 77 69 64 74 68 00 0A 04  ....bus-width...
    2310: 12 15 02 0D 63 61 70 2D 73 64 2D 68 69 67 68 73  ....cap-sd-highs
    2320: 70 65 65 64 00 01 12 11 02 0D 73 64 2D 75 68 73  peed......sd-uhs
    2330: 2D 64 64 72 35 30 00 01 12 11 02 0D 73 64 2D 75  -ddr50......sd-u
    2340: 68 73 2D 73 64 72 35 30 00 01 12 12 02 0D 73 64  hs-sdr50......sd
    2350: 2D 75 68 73 2D 73 64 72 31 30 34 00 01 12 0E 02  -uhs-sdr104.....
    2360: 0D 62 72 6F 6B 65 6E 2D 63 64 00 00 5B 82 17 53  .broken-cd..[..S
    2370: 44 4D 4D 08 5F 41 44 52 00 14 0B 5F 52 4D 56 00  DMM._ADR..._RMV.
    2380: A4 53 44 52 4D 5B 82 42 08 44 4D 41 30 08 5F 48  .SDRM[.B.DMA0._H
    2390: 49 44 0D 41 52 4D 48 30 33 33 30 00 08 5F 55 49  ID.ARMH0330.._UI
    23A0: 44 00 14 34 5F 43 52 53 08 08 52 42 55 46 11 23  D..4_CRS..RBUF.#
    23B0: 0A 20 86 09 00 01 00 00 A1 FE 00 40 00 00 89 06  . .........@....
    23C0: 00 01 01 76 00 00 00 89 06 00 01 01 77 00 00 00  ...v........w...
    23D0: 79 00 A4 52 42 55 46 08 5F 44 53 44 12 2C 02 11  y..RBUF._DSD.,..
    23E0: 13 0A 10 14 D8 FF DA BA 6E 8C 4D 8A 91 BC 9B BF  ........n.M.....
    23F0: 4A A3 01 12 15 01 12 12 02 0D 63 74 6C 72 4E 61  J.........ctlrNa
    2400: 6D 65 00 0D 44 4D 41 30 00 5B 82 42 08 44 4D 41  me..DMA0.[.B.DMA
    2410: 31 08 5F 48 49 44 0D 41 52 4D 48 30 33 33 30 00  1._HID.ARMH0330.
    2420: 08 5F 55 49 44 01 14 34 5F 43 52 53 08 08 52 42  ._UID..4_CRS..RB
    2430: 55 46 11 23 0A 20 86 09 00 01 00 00 A3 FE 00 40  UF.#. .........@
    2440: 00 00 89 06 00 01 01 78 00 00 00 89 06 00 01 01  .......x........
    2450: 79 00 00 00 79 00 A4 52 42 55 46 08 5F 44 53 44  y...y..RBUF._DSD
    2460: 12 2C 02 11 13 0A 10 14 D8 FF DA BA 6E 8C 4D 8A  .,..........n.M.
    2470: 91 BC 9B BF 4A A3 01 12 15 01 12 12 02 0D 63 74  ....J.........ct
    2480: 6C 72 4E 61 6D 65 00 0D 44 4D 41 31 00 5B 82 43  lrName..DMA1.[.C
    2490: 08 44 4D 41 32 08 5F 48 49 44 0D 41 52 4D 48 30  .DMA2._HID.ARMH0
    24A0: 33 33 30 00 08 5F 55 49 44 0A 02 14 34 5F 43 52  330.._UID...4_CR
    24B0: 53 08 08 52 42 55 46 11 23 0A 20 86 09 00 01 00  S..RBUF.#. .....
    24C0: 00 D1 FE 00 40 00 00 89 06 00 01 01 7A 00 00 00  ....@.......z...
    24D0: 89 06 00 01 01 7B 00 00 00 79 00 A4 52 42 55 46  .....{...y..RBUF
    24E0: 08 5F 44 53 44 12 2C 02 11 13 0A 10 14 D8 FF DA  ._DSD.,.........
    24F0: BA 6E 8C 4D 8A 91 BC 9B BF 4A A3 01 12 15 01 12  .n.M.....J......
    2500: 12 02 0D 63 74 6C 72 4E 61 6D 65 00 0D 44 4D 41  ...ctlrName..DMA
    2510: 32 00 5B 82 41 0A 47 50 49 30 08 5F 48 49 44 0D  2.[.A.GPI0._HID.
    2520: 52 4B 43 50 33 30 30 32 00 08 5F 43 49 44 0D 50  RKCP3002.._CID.P
    2530: 52 50 30 30 30 31 00 08 5F 55 49 44 00 08 5F 44  RP0001.._UID.._D
    2540: 53 44 12 3C 02 11 13 0A 10 14 D8 FF DA BA 6E 8C  SD.<..........n.
    2550: 4D 8A 91 BC 9B BF 4A A3 01 12 25 01 12 22 02 0D  M.....J...%.."..
    2560: 63 6F 6D 70 61 74 69 62 6C 65 00 0D 72 6F 63 6B  compatible..rock
    2570: 63 68 69 70 2C 67 70 69 6F 2D 62 61 6E 6B 00 14  chip,gpio-bank..
    2580: 2B 5F 43 52 53 00 08 52 42 55 46 11 1A 0A 17 86  +_CRS..RBUF.....
    2590: 09 00 01 00 00 8A FD 00 01 00 00 89 06 00 09 01  ................
    25A0: 35 01 00 00 79 00 A4 52 42 55 46 14 09 5F 53 54  5...y..RBUF.._ST
    25B0: 41 00 A4 0A 0F 5B 82 41 0A 47 50 49 31 08 5F 48  A....[.A.GPI1._H
    25C0: 49 44 0D 52 4B 43 50 33 30 30 32 00 08 5F 43 49  ID.RKCP3002.._CI
    25D0: 44 0D 50 52 50 30 30 30 31 00 08 5F 55 49 44 01  D.PRP0001.._UID.
    25E0: 08 5F 44 53 44 12 3C 02 11 13 0A 10 14 D8 FF DA  ._DSD.<.........
    25F0: BA 6E 8C 4D 8A 91 BC 9B BF 4A A3 01 12 25 01 12  .n.M.....J...%..
    2600: 22 02 0D 63 6F 6D 70 61 74 69 62 6C 65 00 0D 72  "..compatible..r
    2610: 6F 63 6B 63 68 69 70 2C 67 70 69 6F 2D 62 61 6E  ockchip,gpio-ban
    2620: 6B 00 14 2B 5F 43 52 53 00 08 52 42 55 46 11 1A  k..+_CRS..RBUF..
    2630: 0A 17 86 09 00 01 00 00 C2 FE 00 01 00 00 89 06  ................
    2640: 00 09 01 36 01 00 00 79 00 A4 52 42 55 46 14 09  ...6...y..RBUF..
    2650: 5F 53 54 41 00 A4 0A 0F 5B 82 42 0A 47 50 49 32  _STA....[.B.GPI2
    2660: 08 5F 48 49 44 0D 52 4B 43 50 33 30 30 32 00 08  ._HID.RKCP3002..
    2670: 5F 43 49 44 0D 50 52 50 30 30 30 31 00 08 5F 55  _CID.PRP0001.._U
    2680: 49 44 0A 02 08 5F 44 53 44 12 3C 02 11 13 0A 10  ID..._DSD.<.....
    2690: 14 D8 FF DA BA 6E 8C 4D 8A 91 BC 9B BF 4A A3 01  .....n.M.....J..
    26A0: 12 25 01 12 22 02 0D 63 6F 6D 70 61 74 69 62 6C  .%.."..compatibl
    26B0: 65 00 0D 72 6F 63 6B 63 68 69 70 2C 67 70 69 6F  e..rockchip,gpio
    26C0: 2D 62 61 6E 6B 00 14 2B 5F 43 52 53 00 08 52 42  -bank..+_CRS..RB
    26D0: 55 46 11 1A 0A 17 86 09 00 01 00 00 C3 FE 00 01  UF..............
    26E0: 00 00 89 06 00 09 01 37 01 00 00 79 00 A4 52 42  .......7...y..RB
    26F0: 55 46 14 09 5F 53 54 41 00 A4 0A 0F 5B 82 42 0A  UF.._STA....[.B.
    2700: 47 50 49 33 08 5F 48 49 44 0D 52 4B 43 50 33 30  GPI3._HID.RKCP30
    2710: 30 32 00 08 5F 43 49 44 0D 50 52 50 30 30 30 31  02.._CID.PRP0001
    2720: 00 08 5F 55 49 44 0A 03 08 5F 44 53 44 12 3C 02  .._UID..._DSD.<.
    2730: 11 13 0A 10 14 D8 FF DA BA 6E 8C 4D 8A 91 BC 9B  .........n.M....
    2740: BF 4A A3 01 12 25 01 12 22 02 0D 63 6F 6D 70 61  .J...%.."..compa
    2750: 74 69 62 6C 65 00 0D 72 6F 63 6B 63 68 69 70 2C  tible..rockchip,
    2760: 67 70 69 6F 2D 62 61 6E 6B 00 14 2B 5F 43 52 53  gpio-bank..+_CRS
    2770: 00 08 52 42 55 46 11 1A 0A 17 86 09 00 01 00 00  ..RBUF..........
    2780: C4 FE 00 01 00 00 89 06 00 09 01 38 01 00 00 79  ...........8...y
    2790: 00 A4 52 42 55 46 14 09 5F 53 54 41 00 A4 0A 0F  ..RBUF.._STA....
    27A0: 5B 82 42 0A 47 50 49 34 08 5F 48 49 44 0D 52 4B  [.B.GPI4._HID.RK
    27B0: 43 50 33 30 30 32 00 08 5F 43 49 44 0D 50 52 50  CP3002.._CID.PRP
    27C0: 30 30 30 31 00 08 5F 55 49 44 0A 04 08 5F 44 53  0001.._UID..._DS
    27D0: 44 12 3C 02 11 13 0A 10 14 D8 FF DA BA 6E 8C 4D  D.<..........n.M
    27E0: 8A 91 BC 9B BF 4A A3 01 12 25 01 12 22 02 0D 63  .....J...%.."..c
    27F0: 6F 6D 70 61 74 69 62 6C 65 00 0D 72 6F 63 6B 63  ompatible..rockc
    2800: 68 69 70 2C 67 70 69 6F 2D 62 61 6E 6B 00 14 2B  hip,gpio-bank..+
    2810: 5F 43 52 53 00 08 52 42 55 46 11 1A 0A 17 86 09  _CRS..RBUF......
    2820: 00 01 00 00 C5 FE 00 01 00 00 89 06 00 09 01 39  ...............9
    2830: 01 00 00 79 00 A4 52 42 55 46 14 09 5F 53 54 41  ...y..RBUF.._STA
    2840: 00 A4 0A 0F 5B 82 40 09 50 49 4E 43 08 5F 48 49  ....[.@.PINC._HI
    2850: 44 0D 50 52 50 30 30 30 31 00 08 5F 55 49 44 0A  D.PRP0001.._UID.
    2860: 04 08 5F 44 53 44 12 42 04 02 11 13 0A 10 14 D8  .._DSD.B........
    2870: FF DA BA 6E 8C 4D 8A 91 BC 9B BF 4A A3 01 12 2A  ...n.M.....J...*
    2880: 01 12 27 02 0D 63 6F 6D 70 61 74 69 62 6C 65 00  ..'..compatible.
    2890: 0D 72 6F 63 6B 63 68 69 70 2C 72 6B 33 35 38 38  .rockchip,rk3588
    28A0: 2D 70 69 6E 63 74 72 6C 00 14 22 5F 43 52 53 00  -pinctrl.."_CRS.
    28B0: 08 52 42 55 46 11 11 0A 0E 86 09 00 01 00 00 5F  .RBUF.........._
    28C0: FD 00 00 01 00 79 00 A4 52 42 55 46 14 09 5F 53  .....y..RBUF.._S
    28D0: 54 41 00 A4 0A 0F 5B 82 4E 0C 49 32 43 31 08 5F  TA....[.N.I2C1._
    28E0: 48 49 44 0D 52 4B 43 50 33 30 30 31 00 08 5F 43  HID.RKCP3001.._C
    28F0: 49 44 0D 50 52 50 30 30 30 31 00 08 5F 55 49 44  ID.PRP0001.._UID
    2900: 01 08 5F 43 43 41 00 14 2B 5F 43 52 53 08 08 52  .._CCA..+_CRS..R
    2910: 42 55 46 11 1A 0A 17 86 09 00 01 00 00 A9 FE 00  BUF.............
    2920: 10 00 00 89 06 00 01 01 5E 01 00 00 79 00 A4 52  ........^...y..R
    2930: 42 55 46 08 5F 44 53 44 12 4D 06 02 11 13 0A 10  BUF._DSD.M......
    2940: 14 D8 FF DA BA 6E 8C 4D 8A 91 BC 9B BF 4A A3 01  .....n.M.....J..
    2950: 12 45 05 04 12 15 02 0D 69 32 63 2C 63 6C 6B 2D  .E......i2c,clk-
    2960: 72 61 74 65 00 0C 80 3D CD 0B 12 16 02 0D 72 6F  rate...=......ro
    2970: 63 6B 63 68 69 70 2C 62 63 6C 6B 00 0C 80 3D CD  ckchip,bclk...=.
    2980: 0B 12 13 02 0D 23 61 64 64 72 65 73 73 2D 63 65  .....#address-ce
    2990: 6C 6C 73 00 01 12 10 02 0D 23 73 69 7A 65 2D 63  lls......#size-c
    29A0: 65 6C 6C 73 00 00 5B 82 4F 0C 49 32 43 32 08 5F  ells..[.O.I2C2._
    29B0: 48 49 44 0D 52 4B 43 50 33 30 30 31 00 08 5F 43  HID.RKCP3001.._C
    29C0: 49 44 0D 50 52 50 30 30 30 31 00 08 5F 55 49 44  ID.PRP0001.._UID
    29D0: 0A 02 08 5F 43 43 41 00 14 2B 5F 43 52 53 08 08  ..._CCA..+_CRS..
    29E0: 52 42 55 46 11 1A 0A 17 86 09 00 01 00 00 AA FE  RBUF............
    29F0: 00 10 00 00 89 06 00 01 01 5F 01 00 00 79 00 A4  ........._...y..
    2A00: 52 42 55 46 08 5F 44 53 44 12 4D 06 02 11 13 0A  RBUF._DSD.M.....
    2A10: 10 14 D8 FF DA BA 6E 8C 4D 8A 91 BC 9B BF 4A A3  ......n.M.....J.
    2A20: 01 12 45 05 04 12 15 02 0D 69 32 63 2C 63 6C 6B  ..E......i2c,clk
    2A30: 2D 72 61 74 65 00 0C 80 3D CD 0B 12 16 02 0D 72  -rate...=......r
    2A40: 6F 63 6B 63 68 69 70 2C 62 63 6C 6B 00 0C 80 3D  ockchip,bclk...=
    2A50: CD 0B 12 13 02 0D 23 61 64 64 72 65 73 73 2D 63  ......#address-c
    2A60: 65 6C 6C 73 00 01 12 10 02 0D 23 73 69 7A 65 2D  ells......#size-
    2A70: 63 65 6C 6C 73 00 00 5B 82 4F 0C 49 32 43 33 08  cells..[.O.I2C3.
    2A80: 5F 48 49 44 0D 52 4B 43 50 33 30 30 31 00 08 5F  _HID.RKCP3001.._
    2A90: 43 49 44 0D 50 52 50 30 30 30 31 00 08 5F 55 49  CID.PRP0001.._UI
    2AA0: 44 0A 03 08 5F 43 43 41 00 14 2B 5F 43 52 53 08  D..._CCA..+_CRS.
    2AB0: 08 52 42 55 46 11 1A 0A 17 86 09 00 01 00 00 AB  .RBUF...........
    2AC0: FE 00 10 00 00 89 06 00 01 01 60 01 00 00 79 00  ..........`...y.
    2AD0: A4 52 42 55 46 08 5F 44 53 44 12 4D 06 02 11 13  .RBUF._DSD.M....
    2AE0: 0A 10 14 D8 FF DA BA 6E 8C 4D 8A 91 BC 9B BF 4A  .......n.M.....J
    2AF0: A3 01 12 45 05 04 12 15 02 0D 69 32 63 2C 63 6C  ...E......i2c,cl
    2B00: 6B 2D 72 61 74 65 00 0C 80 3D CD 0B 12 16 02 0D  k-rate...=......
    2B10: 72 6F 63 6B 63 68 69 70 2C 62 63 6C 6B 00 0C 80  rockchip,bclk...
    2B20: 3D CD 0B 12 13 02 0D 23 61 64 64 72 65 73 73 2D  =......#address-
    2B30: 63 65 6C 6C 73 00 01 12 10 02 0D 23 73 69 7A 65  cells......#size
    2B40: 2D 63 65 6C 6C 73 00 00 5B 82 4F 0C 49 32 43 34  -cells..[.O.I2C4
    2B50: 08 5F 48 49 44 0D 52 4B 43 50 33 30 30 31 00 08  ._HID.RKCP3001..
    2B60: 5F 43 49 44 0D 50 52 50 30 30 30 31 00 08 5F 55  _CID.PRP0001.._U
    2B70: 49 44 0A 04 08 5F 43 43 41 00 14 2B 5F 43 52 53  ID..._CCA..+_CRS
    2B80: 08 08 52 42 55 46 11 1A 0A 17 86 09 00 01 00 00  ..RBUF..........
    2B90: AC FE 00 10 00 00 89 06 00 01 01 61 01 00 00 79  ...........a...y
    2BA0: 00 A4 52 42 55 46 08 5F 44 53 44 12 4D 06 02 11  ..RBUF._DSD.M...
    2BB0: 13 0A 10 14 D8 FF DA BA 6E 8C 4D 8A 91 BC 9B BF  ........n.M.....
    2BC0: 4A A3 01 12 45 05 04 12 15 02 0D 69 32 63 2C 63  J...E......i2c,c
    2BD0: 6C 6B 2D 72 61 74 65 00 0C 80 3D CD 0B 12 16 02  lk-rate...=.....
    2BE0: 0D 72 6F 63 6B 63 68 69 70 2C 62 63 6C 6B 00 0C  .rockchip,bclk..
    2BF0: 80 3D CD 0B 12 13 02 0D 23 61 64 64 72 65 73 73  .=......#address
    2C00: 2D 63 65 6C 6C 73 00 01 12 10 02 0D 23 73 69 7A  -cells......#siz
    2C10: 65 2D 63 65 6C 6C 73 00 00 5B 82 4F 0C 49 32 43  e-cells..[.O.I2C
    2C20: 35 08 5F 48 49 44 0D 52 4B 43 50 33 30 30 31 00  5._HID.RKCP3001.
    2C30: 08 5F 43 49 44 0D 50 52 50 30 30 30 31 00 08 5F  ._CID.PRP0001.._
    2C40: 55 49 44 0A 05 08 5F 43 43 41 00 14 2B 5F 43 52  UID..._CCA..+_CR
    2C50: 53 08 08 52 42 55 46 11 1A 0A 17 86 09 00 01 00  S..RBUF.........
    2C60: 00 AD FE 00 10 00 00 89 06 00 01 01 62 01 00 00  ............b...
    2C70: 79 00 A4 52 42 55 46 08 5F 44 53 44 12 4D 06 02  y..RBUF._DSD.M..
    2C80: 11 13 0A 10 14 D8 FF DA BA 6E 8C 4D 8A 91 BC 9B  .........n.M....
    2C90: BF 4A A3 01 12 45 05 04 12 15 02 0D 69 32 63 2C  .J...E......i2c,
    2CA0: 63 6C 6B 2D 72 61 74 65 00 0C 80 3D CD 0B 12 16  clk-rate...=....
    2CB0: 02 0D 72 6F 63 6B 63 68 69 70 2C 62 63 6C 6B 00  ..rockchip,bclk.
    2CC0: 0C 80 3D CD 0B 12 13 02 0D 23 61 64 64 72 65 73  ..=......#addres
    2CD0: 73 2D 63 65 6C 6C 73 00 01 12 10 02 0D 23 73 69  s-cells......#si
    2CE0: 7A 65 2D 63 65 6C 6C 73 00 00 5B 82 4F 0C 49 32  ze-cells..[.O.I2
    2CF0: 43 36 08 5F 48 49 44 0D 52 4B 43 50 33 30 30 31  C6._HID.RKCP3001
    2D00: 00 08 5F 43 49 44 0D 50 52 50 30 30 30 31 00 08  .._CID.PRP0001..
    2D10: 5F 55 49 44 0A 06 08 5F 43 43 41 00 14 2B 5F 43  _UID..._CCA..+_C
    2D20: 52 53 08 08 52 42 55 46 11 1A 0A 17 86 09 00 01  RS..RBUF........
    2D30: 00 00 C8 FE 00 10 00 00 89 06 00 01 01 63 01 00  .............c..
    2D40: 00 79 00 A4 52 42 55 46 08 5F 44 53 44 12 4D 06  .y..RBUF._DSD.M.
    2D50: 02 11 13 0A 10 14 D8 FF DA BA 6E 8C 4D 8A 91 BC  ..........n.M...
    2D60: 9B BF 4A A3 01 12 45 05 04 12 15 02 0D 69 32 63  ..J...E......i2c
    2D70: 2C 63 6C 6B 2D 72 61 74 65 00 0C 80 3D CD 0B 12  ,clk-rate...=...
    2D80: 16 02 0D 72 6F 63 6B 63 68 69 70 2C 62 63 6C 6B  ...rockchip,bclk
    2D90: 00 0C 80 3D CD 0B 12 13 02 0D 23 61 64 64 72 65  ...=......#addre
    2DA0: 73 73 2D 63 65 6C 6C 73 00 01 12 10 02 0D 23 73  ss-cells......#s
    2DB0: 69 7A 65 2D 63 65 6C 6C 73 00 00 5B 82 4F 0C 49  ize-cells..[.O.I
    2DC0: 32 43 37 08 5F 48 49 44 0D 52 4B 43 50 33 30 30  2C7._HID.RKCP300
    2DD0: 31 00 08 5F 43 49 44 0D 50 52 50 30 30 30 31 00  1.._CID.PRP0001.
    2DE0: 08 5F 55 49 44 0A 07 08 5F 43 43 41 00 14 2B 5F  ._UID..._CCA..+_
    2DF0: 43 52 53 08 08 52 42 55 46 11 1A 0A 17 86 09 00  CRS..RBUF.......
    2E00: 01 00 00 C9 FE 00 10 00 00 89 06 00 01 01 64 01  ..............d.
    2E10: 00 00 79 00 A4 52 42 55 46 08 5F 44 53 44 12 4D  ..y..RBUF._DSD.M
    2E20: 06 02 11 13 0A 10 14 D8 FF DA BA 6E 8C 4D 8A 91  ...........n.M..
    2E30: BC 9B BF 4A A3 01 12 45 05 04 12 15 02 0D 69 32  ...J...E......i2
    2E40: 63 2C 63 6C 6B 2D 72 61 74 65 00 0C 80 3D CD 0B  c,clk-rate...=..
    2E50: 12 16 02 0D 72 6F 63 6B 63 68 69 70 2C 62 63 6C  ....rockchip,bcl
    2E60: 6B 00 0C 80 3D CD 0B 12 13 02 0D 23 61 64 64 72  k...=......#addr
    2E70: 65 73 73 2D 63 65 6C 6C 73 00 01 12 10 02 0D 23  ess-cells......#
    2E80: 73 69 7A 65 2D 63 65 6C 6C 73 00 00 5B 82 4F 0C  size-cells..[.O.
    2E90: 49 32 43 38 08 5F 48 49 44 0D 52 4B 43 50 33 30  I2C8._HID.RKCP30
    2EA0: 30 31 00 08 5F 43 49 44 0D 50 52 50 30 30 30 31  01.._CID.PRP0001
    2EB0: 00 08 5F 55 49 44 0A 08 08 5F 43 43 41 00 14 2B  .._UID..._CCA..+
    2EC0: 5F 43 52 53 08 08 52 42 55 46 11 1A 0A 17 86 09  _CRS..RBUF......
    2ED0: 00 01 00 00 CA FE 00 10 00 00 89 06 00 01 01 65  ...............e
    2EE0: 01 00 00 79 00 A4 52 42 55 46 08 5F 44 53 44 12  ...y..RBUF._DSD.
    2EF0: 4D 06 02 11 13 0A 10 14 D8 FF DA BA 6E 8C 4D 8A  M...........n.M.
    2F00: 91 BC 9B BF 4A A3 01 12 45 05 04 12 15 02 0D 69  ....J...E......i
    2F10: 32 63 2C 63 6C 6B 2D 72 61 74 65 00 0C 80 3D CD  2c,clk-rate...=.
    2F20: 0B 12 16 02 0D 72 6F 63 6B 63 68 69 70 2C 62 63  .....rockchip,bc
    2F30: 6C 6B 00 0C 80 3D CD 0B 12 13 02 0D 23 61 64 64  lk...=......#add
    2F40: 72 65 73 73 2D 63 65 6C 6C 73 00 01 12 10 02 0D  ress-cells......
    2F50: 23 73 69 7A 65 2D 63 65 6C 6C 73 00 00 5B 82 42  #size-cells..[.B
    2F60: 0A 55 41 52 32 08 5F 48 49 44 0D 48 49 53 49 30  .UAR2._HID.HISI0
    2F70: 30 33 31 00 08 5F 55 49 44 0A 02 08 5F 43 52 53  031.._UID..._CRS
    2F80: 11 1A 0A 17 86 09 00 01 00 00 B5 FE 00 10 00 00  ................
    2F90: 89 06 00 01 01 6D 01 00 00 79 00 08 5F 44 53 44  .....m...y.._DSD
    2FA0: 12 46 05 02 11 13 0A 10 14 D8 FF DA BA 6E 8C 4D  .F...........n.M
    2FB0: 8A 91 BC 9B BF 4A A3 01 12 3E 03 12 0F 02 0D 72  .....J...>.....r
    2FC0: 65 67 2D 73 68 69 66 74 00 0A 02 12 12 02 0D 72  eg-shift.......r
    2FD0: 65 67 2D 69 6F 2D 77 69 64 74 68 00 0A 04 12 18  eg-io-width.....
    2FE0: 02 0D 63 6C 6F 63 6B 2D 66 72 65 71 75 65 6E 63  ..clock-frequenc
    2FF0: 79 00 0C 00 36 6E 01 14 09 5F 53 54 41 00 A4 0A  y...6n..._STA...
    3000: 0F 5B 82 4E 1B 49 32 53 30 08 5F 48 49 44 0D 52  .[.N.I2S0._HID.R
    3010: 4B 43 50 33 30 30 33 00 08 5F 55 49 44 00 08 5F  KCP3003.._UID.._
    3020: 43 43 41 00 14 2B 5F 43 52 53 08 08 52 42 55 46  CCA..+_CRS..RBUF
    3030: 11 1A 0A 17 86 09 00 01 00 00 47 FE 00 10 00 00  ..........G.....
    3040: 89 06 00 01 01 D4 00 00 00 79 00 A4 52 42 55 46  .........y..RBUF
    3050: 08 5F 44 53 44 12 40 07 02 11 13 0A 10 14 D8 FF  ._DSD.@.........
    3060: DA BA 6E 8C 4D 8A 91 BC 9B BF 4A A3 01 12 48 05  ..n.M.....J...H.
    3070: 04 12 16 02 0D 72 6F 63 6B 63 68 69 70 2C 64 6D  .....rockchip,dm
    3080: 61 00 0D 44 4D 41 30 00 12 10 02 0D 72 6F 63 6B  a..DMA0.....rock
    3090: 63 68 69 70 2C 74 78 00 00 12 10 02 0D 72 6F 63  chip,tx......roc
    30A0: 6B 63 68 69 70 2C 72 78 00 01 12 1B 02 0D 72 6F  kchip,rx......ro
    30B0: 63 6B 63 68 69 70 2C 74 70 6C 67 00 0D 69 32 73  ckchip,tplg..i2s
    30C0: 2D 6A 61 63 6B 00 08 5F 44 45 50 12 06 01 44 4D  -jack.._DEP...DM
    30D0: 41 30 14 28 5F 49 4E 49 08 5F 44 53 4D 11 13 0A  A0.(_INI._DSM...
    30E0: 10 A1 BF 56 70 0B AF E5 48 B6 7F 13 9F 20 04 A2  ...Vp...H.... ..
    30F0: 6A 00 01 12 07 01 0C 00 80 BB 00 14 45 0C 5F 44  j...........E._D
    3100: 53 4D 0C 08 5F 54 5F 30 00 5B 80 43 52 55 5F 00  SM.._T_0.[.CRU_.
    3110: 0C 60 03 7C FD 0A 08 5B 81 10 43 52 55 5F 03 43  .`.|...[..CRU_.C
    3120: 32 34 5F 20 43 32 35 5F 20 A0 42 09 93 68 11 13  24_ C25_ .B..h..
    3130: 0A 10 A1 BF 56 70 0B AF E5 48 B6 7F 13 9F 20 04  ....Vp...H.... .
    3140: A2 6A A0 49 07 92 95 69 00 A2 42 07 01 70 99 6A  .j.I...i..B..p.j
    3150: 00 5F 54 5F 30 A0 0C 93 5F 54 5F 30 00 A4 11 03  ._T_0..._T_0....
    3160: 01 03 A1 48 05 A0 45 05 93 5F 54 5F 30 01 78 0C  ...H..E.._T_0.x.
    3170: 00 00 E0 2E 72 7B 7A 43 32 34 5F 0A 04 00 0A 0F  ....r{zC24_.....
    3180: 00 01 00 00 60 70 46 52 42 41 83 88 6B 00 00 60  ....`pFRBA..k..`
    3190: 0B FF FF 0B FF FF 61 7D 79 83 88 61 00 00 0A 10  ......a}y..a....
    31A0: 00 83 88 61 01 00 43 32 35 5F A4 78 77 60 83 88  ...a..C25_.xw`..
    31B0: 61 00 00 00 83 88 61 01 00 00 00 A5 A4 11 03 01  a.....a.........
    31C0: 00 14 41 07 46 52 42 41 04 70 68 60 70 69 61 70  ..A.FRBA.ph`piap
    31D0: 00 62 70 01 63 70 01 64 70 00 65 A2 42 04 01 A0  .bp.cp.dp.e.B...
    31E0: 0F 91 94 63 6A 94 65 6B 70 62 63 70 64 65 A5 A0  ...cj.ekpbcpde..
    31F0: 05 93 61 00 A5 78 60 61 00 67 70 61 66 85 60 61  ..a..x`a.gpaf.`a
    3200: 61 70 66 60 72 62 77 67 63 00 66 70 63 62 70 66  apf`rbwgc.fpcbpf
    3210: 63 72 64 77 67 65 00 66 70 65 64 70 66 65 70 12  crdwge.fpedpfep.
    3220: 04 02 00 00 60 70 63 88 60 00 00 70 65 88 60 01  ....`pc.`..pe.`.
    3230: 00 A4 60 10 47 32 5C 5F 53 42 5F 08 45 48 49 44  ..`.G2\_SB_.EHID
    3240: 01 5B 82 4B 0A 45 48 43 30 08 5F 48 49 44 0D 52  .[.K.EHC0._HID.R
    3250: 4B 43 50 30 44 32 30 00 A0 15 93 45 48 49 44 01  KCP0D20....EHID.
    3260: 08 5F 43 49 44 0D 50 4E 50 30 44 32 30 00 08 5F  ._CID.PNP0D20.._
    3270: 55 49 44 00 08 5F 43 43 41 00 14 2B 5F 43 52 53  UID.._CCA..+_CRS
    3280: 08 08 52 42 55 46 11 1A 0A 17 86 09 00 01 00 00  ..RBUF..........
    3290: 80 FC 00 00 04 00 89 06 00 01 01 F7 00 00 00 79  ...............y
    32A0: 00 A4 52 42 55 46 5B 82 46 04 52 48 55 42 08 5F  ..RBUF[.F.RHUB._
    32B0: 41 44 52 00 5B 82 38 50 52 54 31 08 5F 41 44 52  ADR.[.8PRT1._ADR
    32C0: 01 08 5F 55 50 43 12 07 04 0A FF 00 00 00 08 5F  .._UPC........._
    32D0: 50 4C 44 12 1A 01 11 17 0A 14 82 00 00 00 00 00  PLD.............
    32E0: 00 00 31 10 00 00 03 00 00 00 00 00 00 00 5B 82  ..1...........[.
    32F0: 4B 0A 45 48 43 31 08 5F 48 49 44 0D 52 4B 43 50  K.EHC1._HID.RKCP
    3300: 30 44 32 30 00 A0 15 93 45 48 49 44 01 08 5F 43  0D20....EHID.._C
    3310: 49 44 0D 50 4E 50 30 44 32 30 00 08 5F 55 49 44  ID.PNP0D20.._UID
    3320: 01 08 5F 43 43 41 00 14 2B 5F 43 52 53 08 08 52  .._CCA..+_CRS..R
    3330: 42 55 46 11 1A 0A 17 86 09 00 01 00 00 88 FC 00  BUF.............
    3340: 00 04 00 89 06 00 01 01 FA 00 00 00 79 00 A4 52  ............y..R
    3350: 42 55 46 5B 82 46 04 52 48 55 42 08 5F 41 44 52  BUF[.F.RHUB._ADR
    3360: 00 5B 82 38 50 52 54 31 08 5F 41 44 52 01 08 5F  .[.8PRT1._ADR.._
    3370: 55 50 43 12 07 04 0A FF 00 00 00 08 5F 50 4C 44  UPC........._PLD
    3380: 12 1A 01 11 17 0A 14 82 00 00 00 00 00 00 00 B1  ................
    3390: 10 00 00 03 00 00 00 00 00 00 00 5B 82 4E 0D 4F  ...........[.N.O
    33A0: 48 43 30 08 5F 48 49 44 0D 50 52 50 30 30 30 31  HC0._HID.PRP0001
    33B0: 00 08 5F 43 4C 53 12 08 03 0A 0C 0A 03 0A 10 08  .._CLS..........
    33C0: 5F 55 49 44 00 08 5F 43 43 41 00 08 5F 44 53 44  _UID.._CCA.._DSD
    33D0: 12 36 02 11 13 0A 10 14 D8 FF DA BA 6E 8C 4D 8A  .6..........n.M.
    33E0: 91 BC 9B BF 4A A3 01 12 1F 01 12 1C 02 0D 63 6F  ....J.........co
    33F0: 6D 70 61 74 69 62 6C 65 00 0D 67 65 6E 65 72 69  mpatible..generi
    3400: 63 2D 6F 68 63 69 00 14 2B 5F 43 52 53 08 08 52  c-ohci..+_CRS..R
    3410: 42 55 46 11 1A 0A 17 86 09 00 01 00 00 84 FC 00  BUF.............
    3420: 00 04 00 89 06 00 01 01 F8 00 00 00 79 00 A4 52  ............y..R
    3430: 42 55 46 5B 82 46 04 52 48 55 42 08 5F 41 44 52  BUF[.F.RHUB._ADR
    3440: 00 5B 82 38 50 52 54 31 08 5F 41 44 52 01 08 5F  .[.8PRT1._ADR.._
    3450: 55 50 43 12 07 04 0A FF 00 00 00 08 5F 50 4C 44  UPC........._PLD
    3460: 12 1A 01 11 17 0A 14 82 00 00 00 00 00 00 00 31  ...............1
    3470: 10 00 00 03 00 00 00 00 00 00 00 5B 82 4E 0D 4F  ...........[.N.O
    3480: 48 43 31 08 5F 48 49 44 0D 50 52 50 30 30 30 31  HC1._HID.PRP0001
    3490: 00 08 5F 43 4C 53 12 08 03 0A 0C 0A 03 0A 10 08  .._CLS..........
    34A0: 5F 55 49 44 01 08 5F 43 43 41 00 08 5F 44 53 44  _UID.._CCA.._DSD
    34B0: 12 36 02 11 13 0A 10 14 D8 FF DA BA 6E 8C 4D 8A  .6..........n.M.
    34C0: 91 BC 9B BF 4A A3 01 12 1F 01 12 1C 02 0D 63 6F  ....J.........co
    34D0: 6D 70 61 74 69 62 6C 65 00 0D 67 65 6E 65 72 69  mpatible..generi
    34E0: 63 2D 6F 68 63 69 00 14 2B 5F 43 52 53 08 08 52  c-ohci..+_CRS..R
    34F0: 42 55 46 11 1A 0A 17 86 09 00 01 00 00 8C FC 00  BUF.............
    3500: 00 04 00 89 06 00 01 01 FB 00 00 00 79 00 A4 52  ............y..R
    3510: 42 55 46 5B 82 46 04 52 48 55 42 08 5F 41 44 52  BUF[.F.RHUB._ADR
    3520: 00 5B 82 38 50 52 54 31 08 5F 41 44 52 01 08 5F  .[.8PRT1._ADR.._
    3530: 55 50 43 12 07 04 0A FF 00 00 00 08 5F 50 4C 44  UPC........._PLD
    3540: 12 1A 01 11 17 0A 14 82 00 00 00 00 00 00 00 B1  ................
    3550: 10 00 00 03 00 00 00 00 00 00 00 5B 82 4C 04 58  ...........[.L.X
    3560: 48 43 30 08 5F 48 49 44 0D 50 4E 50 30 44 31 30  HC0._HID.PNP0D10
    3570: 00 08 5F 55 49 44 00 08 5F 43 43 41 00 14 2B 5F  .._UID.._CCA..+_
    3580: 43 52 53 08 08 52 42 55 46 11 1A 0A 17 86 09 00  CRS..RBUF.......
    3590: 01 00 00 00 FC 00 00 40 00 89 06 00 01 01 FC 00  .......@........
    35A0: 00 00 79 00 A4 52 42 55 46 5B 82 4C 04 58 48 43  ..y..RBUF[.L.XHC
    35B0: 31 08 5F 48 49 44 0D 50 4E 50 30 44 31 30 00 08  1._HID.PNP0D10..
    35C0: 5F 55 49 44 01 08 5F 43 43 41 00 14 2B 5F 43 52  _UID.._CCA..+_CR
    35D0: 53 08 08 52 42 55 46 11 1A 0A 17 86 09 00 01 00  S..RBUF.........
    35E0: 00 40 FC 00 00 40 00 89 06 00 01 01 FD 00 00 00  .@...@..........
    35F0: 79 00 A4 52 42 55 46 5B 82 4D 04 58 48 43 32 08  y..RBUF[.M.XHC2.
    3600: 5F 48 49 44 0D 50 4E 50 30 44 31 30 00 08 5F 55  _HID.PNP0D10.._U
    3610: 49 44 0A 02 08 5F 43 43 41 00 14 2B 5F 43 52 53  ID..._CCA..+_CRS
    3620: 08 08 52 42 55 46 11 1A 0A 17 86 09 00 01 00 00  ..RBUF..........
    3630: D0 FC 00 00 40 00 89 06 00 01 01 FE 00 00 00 79  ....@..........y
    3640: 00 A4 52 42 55 46 10 41 08 49 32 43 37 5B 82 49  ..RBUF.A.I2C7[.I
    3650: 07 4A 41 43 4B 08 5F 48 49 44 0D 45 53 53 58 38  .JACK._HID.ESSX8
    3660: 33 31 36 00 08 5F 55 49 44 00 08 5F 43 43 41 00  316.._UID.._CCA.
    3670: 14 47 05 5F 43 52 53 08 08 52 42 55 46 11 45 04  .G._CRS..RBUF.E.
    3680: 0A 41 8E 19 00 02 00 01 02 00 00 01 06 00 A0 86  .A..............
    3690: 01 00 11 00 5C 5F 53 42 2E 49 32 43 37 00 8C 20  ....\_SB.I2C7.. 
    36A0: 00 01 00 01 00 01 00 03 00 00 00 00 17 00 00 19  ................
    36B0: 00 23 00 00 00 1D 00 5C 5F 53 42 2E 47 50 49 31  .#.....\_SB.GPI1
    36C0: 00 79 00 A4 52 42 55 46                          .y..RBUF

DBG2 @ 0x0000000000000000
    0000: 44 42 47 32 5C 00 00 00 00 A4 52 4B 43 50 20 20  DBG2\.....RKCP  
    0010: 52 4B 33 35 38 38 20 20 00 00 00 00 45 44 4B 32  RK3588  ....EDK2
    0020: 00 00 00 00 2C 00 00 00 01 00 00 00 00 30 00 01  ....,........0..
    0030: 0A 00 26 00 00 00 00 00 00 80 12 00 00 00 16 00  ..&.............
    0040: 22 00 00 20 00 03 00 00 B5 FE 00 00 00 00 00 10  ".. ............
    0050: 00 00 5C 5F 53 42 2E 55 41 52 32 00              ..\_SB.UAR2.

FACP @ 0x0000000000000000
    0000: 46 41 43 50 14 01 00 00 06 57 52 4B 43 50 20 20  FACP.....WRKCP  
    0010: 52 4B 33 35 38 38 20 20 00 00 00 00 45 44 4B 32  RK3588  ....EDK2
    0020: 00 00 00 00 00 00 00 00 18 50 2D EE 00 06 00 00  .........P-.....
    0030: 00 00 00 00 00 00 00 00 00 00 00 00 00 00 00 00  ................
    0040: 00 00 00 00 00 00 00 00 00 00 00 00 00 00 00 00  ................
    0050: 00 00 00 00 00 00 00 00 00 00 00 00 00 00 00 00  ................
    0060: 00 00 00 00 00 00 00 00 00 00 00 00 00 08 00 00  ................
    0070: 21 00 10 00 00 00 00 00 00 00 00 00 00 00 00 00  !...............
    0080: 00 01 00 03 00 00 00 00 00 00 00 00 18 50 2D EE  .............P-.
    0090: 00 00 00 00 00 00 00 00 00 00 00 00 00 00 00 00  ................
    00A0: 00 00 00 00 00 00 00 00 00 00 00 00 00 00 00 00  ................
    00B0: 00 00 00 00 00 00 00 00 00 00 00 00 00 00 00 00  ................
    00C0: 00 00 00 00 00 00 00 00 00 00 00 00 00 00 00 00  ................
    00D0: 00 00 00 00 00 00 00 00 00 00 00 00 00 00 00 00  ................
    00E0: 00 00 00 00 00 00 00 00 00 00 00 00 00 00 00 00  ................
    00F0: 00 00 00 00 00 00 00 00 00 00 00 00 00 00 00 00  ................
    0100: 00 00 00 00 00 00 00 00 00 00 00 00 00 00 00 00  ................
    0110: 00 00 00 00                                      ....

PPTT @ 0x0000000000000000
    0000: 50 50 54 54 20 02 00 00 01 05 52 4B 43 50 20 20  PPTT .....RKCP  
    0010: 52 4B 33 35 38 38 20 20 00 00 00 00 45 44 4B 32  RK3588  ....EDK2
    0020: 00 00 00 00 00 18 00 00 03 00 00 00 00 00 00 00  ................
    0030: 08 00 00 00 01 00 00 00 78 01 00 00 00 14 00 00  ........x.......
    0040: 02 00 00 00 24 00 00 00 09 00 00 00 00 00 00 00  ....$...........
    0050: 00 14 00 00 02 00 00 00 24 00 00 00 0A 00 00 00  ........$.......
    0060: 00 00 00 00 00 14 00 00 02 00 00 00 24 00 00 00  ............$...
    0070: 0B 00 00 00 00 00 00 00 00 20 00 00 02 00 00 00  ......... ......
    0080: 3C 00 00 00 00 00 00 00 03 00 00 00 90 01 00 00  <...............
    0090: A8 01 00 00 C0 01 00 00 00 20 00 00 02 00 00 00  ......... ......
    00A0: 3C 00 00 00 01 00 00 00 03 00 00 00 90 01 00 00  <...............
    00B0: A8 01 00 00 C0 01 00 00 00 20 00 00 02 00 00 00  ......... ......
    00C0: 3C 00 00 00 02 00 00 00 03 00 00 00 90 01 00 00  <...............
    00D0: A8 01 00 00 C0 01 00 00 00 20 00 00 02 00 00 00  ......... ......
    00E0: 3C 00 00 00 03 00 00 00 03 00 00 00 90 01 00 00  <...............
    00F0: A8 01 00 00 C0 01 00 00 00 20 00 00 02 00 00 00  ......... ......
    0100: 50 00 00 00 04 00 00 00 03 00 00 00 D8 01 00 00  P...............
    0110: F0 01 00 00 08 02 00 00 00 20 00 00 02 00 00 00  ......... ......
    0120: 50 00 00 00 05 00 00 00 03 00 00 00 D8 01 00 00  P...............
    0130: F0 01 00 00 08 02 00 00 00 20 00 00 02 00 00 00  ......... ......
    0140: 64 00 00 00 06 00 00 00 03 00 00 00 D8 01 00 00  d...............
    0150: F0 01 00 00 08 02 00 00 00 20 00 00 02 00 00 00  ......... ......
    0160: 64 00 00 00 07 00 00 00 03 00 00 00 D8 01 00 00  d...............
    0170: F0 01 00 00 08 02 00 00 01 18 00 00 7F 00 00 00  ................
    0180: 00 00 00 00 00 00 30 00 00 10 00 00 0C 0A 40 00  ......0.......@.
    0190: 01 18 00 00 7F 00 00 00 C0 01 00 00 00 80 00 00  ................
    01A0: 80 00 00 00 04 02 40 00 01 18 00 00 7F 00 00 00  ......@.........
    01B0: C0 01 00 00 00 80 00 00 80 00 00 00 04 04 40 00  ..............@.
    01C0: 01 18 00 00 7F 00 00 00 00 00 00 00 00 00 02 00  ................
    01D0: 00 02 00 00 04 0A 40 00 01 18 00 00 7F 00 00 00  ......@.........
    01E0: 08 02 00 00 00 00 01 00 00 01 00 00 04 02 40 00  ..............@.
    01F0: 01 18 00 00 7F 00 00 00 08 02 00 00 00 00 01 00  ................
    0200: 00 01 00 00 04 04 40 00 01 18 00 00 7F 00 00 00  ......@.........
    0210: 00 00 00 00 00 00 08 00 00 04 00 00 08 0A 40 00  ..............@.

BGRT @ 0x0000000000000000
    0000: 42 47 52 54 38 00 00 00 01 EE 49 4E 54 45 4C 20  BGRT8.....INTEL 
    0010: 45 44 4B 32 20 20 20 20 02 00 00 00 20 20 20 20  EDK2    ....    
    0020: 13 00 00 01 01 00 01 00 18 C0 3D ED 00 00 00 00  ..........=.....
    0030: 47 00 00 00 A7 00 00 00                          G.......

